704741
248883
602577
502156
75558
14799
78093
937618
16340
269151
772016
331721
222338
673867
104283
405656
721787
252386
776178
503446
502248
34196
774691
58208
713242
53952
643622
928382
103139
204567
343939
988999
793050
330754
612952
736626
176939
918932
302844
837259
202675
95685
632025
175216
422067
279287
93486
806979
227990
442392
366661
403771
912388
269957
201093
311539
376594
227793
601033
160758
586761
425327
522802
400498
395685
685885
400848
141336
506426
19713
27776
122045
355093
409056
265598
254348
483661
800447
98732
851592
299605
702298
481941
50208
69589
614611
244799
578303
543227
502878
360150
248284
721720
818985
322903
946902
596550
69983
535499
