653429
7825626
9469011
9394335
4727692
3685199
4142050
1031408
5910090
6060680
1667644
2205394
8197869
7917338
6246241
9677243
2446692
1886878
2438210
629537
8298552
9698059
1156204
1052177
6265859
6825182
777620
292678
4911880
1642087
8262439
3598176
6146793
3470934
1106419
289661
6183529
9163080
2471635
6717317
4107689
2790968
6689560
7692321
8889911
8949286
7411494
555504
5199525
6804900
5482067
7482590
1801440
9774600
8121001
1960253
9811975
9204603
5000253
8120923
4695368
5402203
4103043
8914273
5898298
9255342
358164
949587
1337410
4275889
6350191
3195182
4631063
2416328
2147874
4048482
6062108
1006577
6980741
5571952
4221914
2174888
1470950
630364
1165514
8449782
8296528
2312668
2615822
3401073
7430415
1870989
9084099
848805
8145053
6012992
4836412
3800409
2446972
6227
5801270
6481375
4134136
8465700
7081586
7032718
7131271
8975849
7059980
7180285
7006462
3474940
5104761
9774602
1148438
3410344
6056154
1142305
215859
910768
5881508
4889463
4226214
514293
2659829
8856054
9290561
1036587
4691397
5481821
3940052
4889753
8289578
8734313
117947
5607292
7419635
9803242
2838621
7568950
7083225
5798748
1979036
3631768
4580326
8567347
4473632
9934182
3318621
9772025
4289548
2107636
374524
7901779
1162484
1297194
2321882
9233419
2696569
2307041
7528512
6462991
8530150
4448671
1392258
6869226
3708024
5290470
7270471
583722
9927605
5262874
5576615
7850640
4412700
2265932
2405198
4289407
8401998
3395210
5535202
6506586
6785377
6378269
4915962
9376597
6023867
5712191
4426225
8913148
448746
2102915
9203269
2821647
6865963
4604178
347250
9613170
66102
1822081
1088277
5925918
4402229
2367957
465281
3347974
5362654
8943163
9349191
7957570
2801146
2693688
6602791
3808290
5620300
5384516
60742
7842101
1974648
5127227
7230469
8987042
9027047
8314521
5238128
3535339
6151489
1182568
5180621
3767034
4557527
9242515
8409250
2900941
7049719
3361953
8511231
6295683
6335130
3846799
2607030
874878
2109261
1080351
8932124
161086
6052543
4375867
4462182
7476420
5035341
7380095
1313013
6874739
1397368
573921
9910223
533072
7007821
9193174
4375368
2523417
5030770
8998849
2093938
9892424
6437976
7831437
4597511
1971933
188501
9122822
6479648
5865011
4618485
4143223
4437918
7958098
3744448
4743977
7529574
8629652
8052786
8938167
1390690
8587116
2954259
3320532
953054
5220233
3396172
2207318
1817086
2035102
3957574
9666467
1578243
354666
4323248
2731651
8882745
6209382
567642
3673955
1594569
7046823
2967023
3769903
599981
2483311
6381895
916510
3594595
2264093
6581137
3936829
861318
1550168
6423299
2216979
8763644
2890497
2752772
7924712
2390496
508216
4780463
774846
1282516
6424458
3800208
2892574
7171015
6276884
7584543
9021925
5842007
2159900
8880161
7644261
8675306
7012300
8797327
6440807
1004191
8053051
3191829
9308675
9705894
1005247
4315437
2292128
4474665
7737391
6942962
2722790
665933
7655277
4730341
115956
32119
7146854
8648647
4524102
7162010
3458017
6984623
6932186
899600
7549859
9292790
4938694
3296180
3468826
1379658
9008345
8869010
5569618
1668242
1716445
8875325
8303630
5519319
8976311
849321
4331456
2255019
9274282
9473926
1232870
7877600
9947301
6567050
5481153
7973005
2406879
3558044
5041263
1012008
5272025
1022201
8789963
5498760
319803
8938788
3362210
8480969
1481916
9145817
7109032
6561787
5995644
7652879
4465963
3415716
8663996
4098016
824659
6851205
4866463
7270258
8672858
3789079
1231421
7547022
3461063
6024333
2854750
2469492
4950523
5824703
5390372
5366439
4059025
3126172
8869876
4572013
3710994
8731474
7092206
7086759
3104088
5039822
119622
1019297
2499797
1833881
7560225
9883648
4523426
3439314
6448782
423779
4964483
6113811
2194743
9449614
150336
1754978
204918
926063
8215528
6766155
1153632
2921544
106055
2261273
7322641
3124201
3159775
6152626
917279
328919
521046
1411958
2381713
7731483
4959041
7147620
9926319
2909520
6656929
8962710
5579652
4621332
1006219
9897296
7803104
7153521
1839441
7411866
340359
7954485
6374223
8715425
9783345
161394
6748369
5629150
608149
7538646
7349752
9798354
6166614
1284229
718765
588399
8907407
3708270
8579380
146409
4785324
1969291
4121144
6005946
3478383
8214384
4157347
535871
4615215
5593208
6904998
8413571
5563837
9289227
9110290
7161230
6586902
939982
4951377
8648785
5446721
6031465
3737820
8392661
8384184
7482041
9692463
731874
2830422
566161
4870699
8927507
539963
4293944
2584313
4433128
2549566
1425799
6493342
5702503
7739065
5001102
3586151
3329287
9406571
5005142
2966750
5214554
8874782
6408689
4296443
2354962
1384928
1852378
1994893
577569
1153206
3578145
7236787
7617046
6032300
7159345
8011178
8940387
8626058
4103951
7772205
7115182
5685206
5583614
9853634
2438782
4552902
1702000
425516
9952765
8355376
3813355
2191421
5552846
9326466
319057
4800756
1100804
1850229
2443238
9261701
8247208
9927305
9884313
8793273
3961393
5030697
5896873
4274911
6461558
8942177
2450510
3812438
1310777
4203725
3379307
4843391
9225115
2496847
9096045
4599731
997959
8113731
746093
7952357
9581202
1281563
5826513
7564719
9910038
8310841
5249663
8523245
7612476
4526951
322424
2015840
4166116
113614
363570
3466696
6915650
9051077
645064
1935236
466426
3811427
1479575
9159645
7636535
1083632
1601640
6825044
6318110
3311715
7974421
645141
3893485
9438566
1763663
1023235
4617635
395121
3286075
219062
7772118
3723205
4512739
887852
9488164
9221795
7090067
4731570
9074443
3009221
8766924
4428494
6437445
4442297
2620024
9521886
9159636
3204181
3267861
3121030
37997
8225234
8359301
4446905
2513572
2937367
6446878
2988530
6981808
7210524
1300518
3149501
6756172
9061107
190769
3027669
815865
7977287
6188383
838094
2814304
2394447
6633503
8344876
3921284
3837113
8625023
4440521
2741685
9101315
3582088
8156990
9529960
9437487
9541194
6872957
5958915
2101235
3357165
7762289
1918433
1437233
17092
8540654
4408910
8009758
7682708
4832891
8685750
8998188
1225515
9812546
8188520
7356313
2792452
1795757
4849848
2437182
5821202
8527798
6638634
4363504
5953872
1083733
2629600
7914399
3462040
6869677
5995948
4577437
402325
3643272
9281824
3158553
7528379
305580
7637783
6106486
6303915
9404736
9278755
7810777
311244
7564955
5831770
8622970
2848794
6057513
2316374
6546484
9004754
9386479
988170
8020549
4387720
1809974
2074837
1011655
9957314
3697116
5029672
8461539
441873
8868914
9998857
3555126
8749294
4195933
9937550
6334854
9171848
9769064
3047903
2074513
4295982
6267784
7238544
8468505
8855831
1997845
820353
7580162
1220589
129324
6484323
4748887
6185636
2254397
4856231
7253538
157886
8286075
9687058
2812912
6484039
7109606
6790268
4518371
6956645
6999094
8408305
4898184
3171221
1552256
6302737
3928676
6082764
6808229
5420758
232551
4676921
8478412
6937925
895509
2797367
3346269
1649438
4764605
5351462
3346255
1513216
84342
9495511
4937528
1276817
7549144
5801256
2104607
3793850
8222646
6733882
4889643
4078593
8319780
1844594
1431221
5081315
2719472
4268693
6670478
7849968
3232318
2719145
787795
7917854
4609352
2212814
9855991
8195551
6324438
7353824
3302999
412576
8131518
1877426
4136775
8469486
7088823
2413518
433992
5801826
8293002
5132718
7881718
604421
3528880
9913401
6659946
6790652
4156935
3346568
8470949
823829
702067
4186231
1131827
8654865
2038471
1813252
9324414
403777
3438730
1636392
1244517
6898135
8527620
3375383
7563223
4327959
4365590
3530299
3169744
9440769
939783
2956468
8696619
3820320
9070191
6382590
4442478
7232019
2257529
6931952
3563643
2178072
4047299
6060062
3758590
3752137
4129026
6239427
1499600
7074717
1331239
6644888
3751551
4146692
9152115
1725581
9850355
1343260
7158445
8095521
1479614
5049925
8007883
9949303
9690084
