9490539
3939589
9275583
7551757
358523
832707
5334204
1940097
1290013
8748721
3919165
1899801
6200257
9067937
7244243
653429
4068218
7825626
8918995
2612218
9703141
3162978
1106645
6834943
9245631
7167505
9469011
9731568
2457714
8769704
9394335
4715683
8580031
9401525
9079784
8368912
8944003
6834365
9978010
705418
4727692
1248936
2080190
5580415
7054294
1654213
3157541
3685199
5937159
1514325
7953631
4142050
1031408
7814711
3879947
3766448
2068976
8369952
9686940
5652676
4116676
34240
940987
5910090
6060680
8185749
9580568
2168214
9987957
1321835
4495070
6406319
4538043
4237921
9977594
3588750
7456294
9050334
5925926
471236
8523005
255519
859777
4418655
5856204
8303688
5643808
2765317
791363
6614660
126281
3228803
5722664
6587130
330206
735139
2887974
1667644
7608981
162834
2205394
7867970
4352207
6594106
4022284
3092385
9834572
3165440
9821017
1704728
9294416
1225806
8197869
7917338
5745467
465962
3490001
8984251
6246241
6002084
107469
7999616
8278980
4098126
4418424
3305551
6781860
4315309
9237488
9615779
5958237
2501195
6710504
3182395
676780
259839
9677243
9829573
3009901
4266232
9457756
6402955
4931675
2446692
2931146
1886878
8792790
2682224
4913209
2438210
2407428
4753015
629537
6993863
7699185
2341596
8298552
5814271
4056029
8364386
3609632
1579970
9623003
8783011
1525202
8343546
5343047
3465054
9698059
6550762
8230764
3472258
8168857
1156204
5004720
805192
3374481
2257152
35337
5536895
8216469
6605256
2904523
6921810
1680359
790060
9742172
143000
8017471
5522060
1052177
8354736
6265859
5106869
5213286
2255451
9957072
567944
3848867
924616
1721589
4114338
121166
6647584
8500624
2284925
1385646
7952408
3039909
4791911
3297452
4495454
2394412
7086606
3110243
8301123
8379779
2297865
266197
1086019
8111388
3316611
6501754
8064237
6887650
1256730
8475683
1366804
3738999
9108676
6825182
9738163
3331154
9543986
6720491
8859718
9947059
4423278
4863945
1058336
5766197
7500136
3368138
5344157
8581708
4586507
6917669
9318677
2696613
3365378
8337776
8404472
5954125
68288
9237803
4146048
4907964
9127866
5975148
3839325
7194204
657964
1838773
4057889
3178239
3918103
2630073
6765020
777620
7752819
2148401
3305948
9534324
7506908
8936727
8748605
115228
2396385
5555140
6040575
1849285
5787081
292678
7692169
1250748
5653909
4911880
5975319
1642087
9044100
3673482
3204122
8262439
4302357
5802559
3598176
9862756
3890332
5132363
1537095
4215232
6028845
979928
1142928
9251226
9213877
1401627
5644297
7744083
9802613
7920563
6717494
3473394
6390832
4682899
381763
6146793
7258285
7890537
7663836
5984845
4098933
3470934
3506815
8611745
2777080
6510500
5472047
6145558
1106419
4354916
6476438
5893414
289661
5692429
2215935
8134101
3593710
7366134
1348012
8368336
5315206
7768340
6183529
7445103
5448385
5271828
599589
9291511
4368851
4967344
1536500
600721
6877
7849053
801870
3547226
4131557
9163080
8612102
3972767
2471635
8978933
6717317
1518252
6906036
1065478
4107689
1357482
320493
8996425
3337904
2952967
805177
4698206
7598929
1692495
2318749
6070792
940142
5520309
7649451
2790968
3897271
6689560
3263585
5578732
3763907
8392675
7748866
2890792
4098234
7632352
7052948
8973670
4694967
7692321
5074777
513769
5737317
9436622
611104
6147552
1734311
4435746
6917967
8889911
8949286
9203467
9450236
7790515
7491991
7411494
4140907
843219
7955508
2001060
9601194
5273010
4775581
6572814
4297137
4486960
2376741
5601325
744704
8183757
2606391
555504
715758
8730466
1309005
1174493
5945439
4900441
4459668
9775774
3553643
3724231
3099360
6940230
5199525
4539036
3645274
2742276
898488
4405848
854224
7386856
3497275
7532027
4294543
7088574
3507716
1246106
9248006
9715978
5711051
1482678
3824433
4818155
6409530
5306560
8974769
8167952
6804900
1110066
2470224
5667497
3164267
4836240
3040046
5295476
4919748
973165
1810009
5588365
6485696
5482067
1402138
3902088
2236679
9497041
8022794
8208795
751796
161663
5877334
860138
1122793
9712460
1276870
6649008
5064789
6319476
4558772
7482590
1298779
9327340
6266879
9744547
5845764
422944
7745847
4526355
1595285
3954545
1801440
935356
8809065
4106787
3263264
3193616
481826
4868247
1486426
7679313
4919088
9222244
8234232
7728304
4002129
9774600
1818110
8014936
5049686
8351853
1872291
8512170
8121001
2347444
6562403
1960253
2808742
5049237
9811975
2386361
3682083
9361091
9204603
2465784
428231
5500911
5000253
3762328
4064043
1552843
7549873
3830176
9546739
2745724
8199216
4394861
354127
6911236
4040710
7870118
7541454
2999721
2562542
5287818
5104660
9197294
456044
2859731
7918637
5741172
927370
6323660
1711451
4846656
5293543
3504269
1763027
3648049
8120923
7945383
884136
6903109
4447412
3009771
7776668
3324309
2081615
7098986
2538558
6193289
4695368
7318195
7849116
2777139
631491
3222996
6177598
2694593
740904
921854
5402203
2613341
6337156
8236921
8356452
3154776
4103043
4474423
36154
2725619
2517730
7321601
1716278
4929923
5464446
5017399
8914273
672429
4332609
4640789
4627428
5119849
5253896
5898298
4271882
8879750
3683800
9255342
5306705
9499104
5898330
9491786
1565420
1846004
2176429
3283144
2946988
3756439
2444251
4473675
7462258
789830
2644924
3382957
7634188
8505438
1893506
9701529
9452414
8103648
5118097
3722389
4381642
1629889
8430783
5089487
8801235
2912394
453787
327760
1037869
4421717
358164
2227754
1098766
8321891
813620
8408702
6195266
4441345
949587
9701959
5442063
9207796
7939358
1499799
5873106
818321
8163251
2430796
1885028
6707153
7600603
3582835
352469
8169067
9130061
7714263
4624381
851830
8234310
6722504
6651189
1202385
1337410
6248255
1996304
681933
3762738
5416304
6404398
8198424
3582562
6400315
4119678
8026166
9679871
61895
7599810
7800081
4444936
4275889
6350191
1085533
3195182
5391304
2053120
2089904
3458089
4631063
2416328
1424837
8926550
4874602
6007371
99594
8613942
2800881
7595677
2093266
7478217
7307427
2147874
3962193
9187468
4048482
6062108
8490180
4337519
8735490
9279513
3070217
5433233
8205978
7767516
4972950
960883
1912190
3521562
9278374
5260902
5277106
9996145
8985998
2024673
7279212
9357692
1557464
1006577
3125033
5932512
8859046
2151525
7931174
6700116
2556501
4078475
1066222
5792365
6466374
4342198
4597186
7453075
4127553
9670356
6980741
7537273
358571
2049347
5571952
5055489
4063318
655132
1180750
4221914
3499419
2174888
6995631
5831345
9823750
6355552
3011317
7953003
1470950
4600472
2890454
630364
5174915
7433314
8298242
7568986
1165514
1833131
6205258
3149389
1926865
5508483
5608227
4142659
229031
6353724
9495214
9371220
8851617
8980192
4387494
6176277
6057637
9546575
9382519
4697180
8449782
7610236
9573310
1360601
4122814
712209
6764773
9410641
1609338
5861896
992567
2443227
7705297
8296528
2032730
6766692
3648384
1015697
1692846
2385971
2312668
6393058
9418228
9659197
2615822
5166424
1313973
6527201
4069567
6731319
5868909
997673
3401073
6529268
9409935
5638782
7092069
8659239
9729177
6588950
7015707
8577790
2392131
5781055
8200970
2288421
407119
5700956
9772232
7590236
7871054
5205798
7025780
9523950
7863245
8698240
585008
9058144
857919
2625331
6374856
1044687
593305
3829734
4769352
1378670
6005810
7430415
6141436
423535
7441638
4686141
476075
9796548
6167764
38522
7311319
7720021
4116129
8824763
6918343
5981140
1870989
7307988
3493674
511192
5733491
8235704
8208422
2799311
2395164
9286452
9337875
8542187
7117433
4134557
2038206
3129228
3083828
386294
9855894
7387983
2744900
7374521
6594822
2641727
941469
4388797
4420434
3656804
7968910
9229363
9084099
2265463
7652625
3778982
9014316
3282333
2968972
1638381
848805
14213
2237657
4310674
9095435
6938632
9607513
6253611
7497102
3187396
5167201
4949014
7984364
5272697
3781784
5907268
6785087
2307630
5017090
3395521
8756495
2174632
7615685
7563636
9550002
9085086
7557329
5989326
4170827
8145053
5708133
8728983
5091629
3843073
3426424
6461061
3744601
2935309
7272537
8804505
3102569
5264100
494918
6470493
418850
7289154
5066734
1151665
3979270
1643137
345255
6228386
7835966
9311596
6814196
9610889
970989
6012992
9980497
1613173
6023259
8030640
8367054
4836412
5035672
9957752
6121531
9073640
6540305
2299708
3138236
934612
8022476
3789488
1911416
7004766
3944171
772180
3110365
3800409
2446972
4586184
156739
6339671
9240289
6081517
8257604
1323332
1790145
139049
8831949
2204038
2850366
6227
5801270
6385550
6481375
4409443
5041806
592214
427848
6308345
6818455
804910
4134136
752115
8465700
7081586
6988733
2847994
2001570
7032718
469945
1362361
1453948
8386273
7884817
2850986
1541983
7285363
2347911
2647097
7131271
1318217
2141503
2733365
9997191
8975849
557728
7943609
7059980
6108915
6583944
9682944
6416374
7180285
860794
7711569
9148452
9722285
8488994
9394939
4608444
4475799
8421027
4187507
7006462
6478132
383020
6587841
4220944
536595
5331458
5744099
3625261
6102822
3474940
5250917
356111
5210758
7252177
8672663
1949311
7609476
4814579
2883691
8984385
7163709
3394675
4669810
7030824
5105320
1545628
5808285
310998
9002707
9222468
191993
5958242
4603615
4071662
1379566
745194
7430088
4343684
9275166
2505157
2334652
8095528
122796
5503102
9556114
6144591
5240631
1051136
5104761
7216449
89543
1782660
1583928
9774602
7194852
2900874
4990519
5655202
2896749
87993
4507242
7592315
6471214
7232934
5996459
176041
5102578
8960932
8493787
472978
8600272
8953604
7287972
6418092
1152831
8560413
5066538
8490756
9173990
8167205
92870
4035756
8988241
9949339
8282266
8871540
3580446
707530
2870017
5621723
5813848
5373565
2267671
709004
5053856
6069023
8393383
7771702
6216521
6542541
7951951
6356391
4057837
1637790
7372173
1539234
1431834
2699363
8811778
7926349
1208757
1999360
9311868
9374378
1250099
9847956
1148438
3712401
1676332
1208069
7776303
5616052
2458657
6676795
5606282
3014657
2342037
8805418
2410203
1996259
5461058
3410344
1719368
8850029
3658048
5021372
9556681
6360379
2300776
9275366
1638346
7327667
3605373
132790
4563678
2813865
9445232
8436879
2768580
3095132
8198974
9036829
6425750
87768
9748930
9569522
4892701
6056154
7691139
1142305
6688364
3953703
5782035
5144016
6466459
7229930
7772409
8855912
8680857
215859
5513240
3864356
3857784
1792097
6562301
5553199
258384
2503540
9557317
742337
910768
4089441
7424465
9971755
5483036
9382143
5881508
9722576
2467266
1744468
4889463
4974617
612964
9754569
6054040
3376729
9194935
7048850
1218190
1833272
1463430
4226214
347962
9339612
4190821
2094754
6596012
8943847
9503371
2767929
8435562
888659
514293
85838
1330816
2659829
7438688
9640288
7804805
6192507
3397729
724261
5721593
8856054
4120470
1836376
5001962
3027372
4331816
3974345
6096822
5139139
1652550
3093585
9883186
4155462
7101715
3581736
6377172
6586772
8298686
5374492
9321139
9290561
5751281
2678179
4826809
906786
2829718
579642
1809691
9911429
9046179
746640
1602877
2818151
1036587
6725595
6914144
7933599
9763286
9428217
3628038
8956596
4691397
1260893
7842790
1657715
7586291
3621085
566897
6394829
1567288
9706152
3994500
9838517
3119211
7754980
7507827
2180919
559619
4170963
9537829
8483359
3517578
1421187
7176689
4683001
4990355
1324587
1614748
6303945
3827524
3736450
5481821
1202560
4342837
1435084
7055137
8122674
8358014
2483562
3940052
8917307
4841848
8272026
9022595
2964546
9468564
1574061
2515793
9529654
4400079
4889753
4798723
3561444
8289578
856310
1705314
681594
405023
5816289
1273651
8734313
5520054
2470286
4021646
746699
1548758
117947
9176706
7495508
8401882
2720080
862195
4071587
7755666
7030242
3524481
5607292
8841831
2651800
7674607
6395205
6471570
7709258
2393838
7989360
5444007
617631
3173264
8527721
8997788
8758061
9512721
6409917
1669155
4272172
9530473
9640739
2731656
9467616
7419635
992353
5524975
6442636
1262708
1944147
4738347
6371539
7051770
9669272
9135966
4117296
7800695
287013
4451037
9803242
4999387
1136174
9966802
5852604
1156747
9027596
3715530
4415779
2145744
4618906
2838621
7568950
6480961
7083225
64448
9655208
5798748
2736667
7445684
4148949
5623402
1979036
9583855
5419198
7796100
5635912
7600068
1008618
2605983
4961221
3911236
267791
3631768
6713851
1146640
167411
7092593
4633355
8463671
7814007
1797771
9973800
537638
9504791
4580326
2400355
9953051
3469205
7563871
571005
4328209
2648821
3723935
8315394
2653434
177799
8888568
5262014
8567347
9498546
4473632
2960392
5834699
692135
6639851
5609473
3703743
6831789
3553114
564669
9047846
7290778
6521466
6634377
1401345
9934182
1001294
3598385
4752084
2144431
5831644
7921672
3318621
8367873
9772025
3254566
6018302
9846397
645606
3222174
6044274
4789917
54352
6577375
9212295
3249186
411568
4564543
4289548
6909845
4545761
7741092
5627596
3768383
4822322
6267589
3713641
9003623
4693347
5844113
6016565
8154341
4770956
6243526
7356260
7628252
2107636
9239299
3369357
9832502
374524
419044
5749005
8631418
7901779
7614091
5835107
3588642
8143640
4969464
2546741
4369889
1162484
7900405
1054069
9144635
6037654
7109532
6373372
9691050
7312780
2423540
6639414
4126103
2086181
2777042
541496
8259027
9224215
1297194
9103683
1740680
7674704
9575578
6151059
6709176
6028079
2321882
9233419
27615
2577372
4474319
181046
6820564
415204
7493514
2567525
7171299
387517
9766939
5264088
315440
2013330
5991490
4630741
5902315
9010577
1288668
7501748
7666940
8770108
2572501
4464900
5660436
1766181
2801670
2484187
1770005
9038766
7146296
9477049
6923409
6218423
7741341
8116847
4705505
6326071
610028
4111791
6815120
7865837
1092182
2102291
1007378
4066350
4339518
5515026
4778042
1175707
8001164
2696569
1194505
3686359
4232140
3947700
5736997
5940616
5564484
2307041
3226242
7085737
6758568
7341275
8336757
3213247
1256079
6116101
7216209
6787314
7721946
1493896
9226496
2627675
6399230
7808449
7528512
6462991
8909815
156924
4053785
8510195
86264
2655452
8530150
983748
3699426
8532693
2768286
9990857
9516154
6263259
9215815
4591310
989416
4448671
2596902
8566464
7307114
3579646
1015134
7609157
9373158
2265190
8545621
7388737
2909287
8751508
639706
6588190
7883456
7549054
3626979
8779795
820795
531949
5120810
490537
8195880
8033466
1392258
1171529
697002
6869226
2942316
6098719
9449091
9417839
8029644
3458587
3224835
983886
7704452
4140720
2879238
3708024
719389
7363856
380524
2401046
4042469
7495206
4400183
5290470
5351663
4482970
9566920
7778846
6978348
2661591
7270471
5893482
5294532
7910601
3631195
7167410
9330490
6960221
5036519
5445305
1417414
398234
583722
8967580
9927605
9644654
4710237
3456941
7529411
8004551
2789621
2185911
5584645
5197981
461740
2306975
5796534
9473380
6019573
717693
9050566
318029
7502546
7477807
7783540
9527335
9729655
2515678
5619381
3433339
5262874
7774874
7274057
7749483
1115332
523341
4032597
6483920
5576615
3801844
4986127
8354639
1542522
3318387
1685581
685981
5532394
5098341
3096946
4822817
5932483
8927439
4339209
1151569
7850640
4412700
4982233
6800939
2265932
934995
1116696
71961
4526271
6174170
8718530
5768114
4318583
7705914
5140625
2530034
4843736
8829976
3865962
3771376
4206754
1689717
280526
4478627
6006803
5458207
8399875
7732334
2405198
1059067
959515
7002884
989961
3876124
1667514
6621740
623894
9905325
4359309
6223097
4718329
5294690
291419
6445583
5916087
4454964
8816822
4289407
7362798
9367581
2935924
3527522
9691891
3165662
9131646
9586816
3485125
2251615
9922437
5390317
61149
1525554
7715404
4057802
7538671
2925781
5103923
4712597
3745313
6869779
3384071
8401998
9973092
6690185
4757875
9249725
8603003
8067156
864092
8871069
8867850
2599626
4282097
8479910
9468017
2560060
7550900
202066
3395210
1386369
9243112
5535202
483079
1331081
2871757
6506586
5591040
2328951
349943
8365641
6785377
1544692
1569666
3231848
8018829
1312016
2420352
4028893
7256941
4559018
6378269
3604728
7484701
1425899
8964983
9743709
5322087
1010574
140086
4915962
6343124
1820351
1217104
5024920
6853433
6735831
3498698
5255514
3072439
8846043
9822330
2337150
9376597
703581
6023867
2117631
3901695
2104514
5712191
2551387
6280217
4553862
5116526
4306026
8762419
1084380
1814355
2629922
6243009
5156484
6926615
7784114
6620991
4403843
5953597
4618787
3124305
7387362
3734070
1300178
3365124
3376643
6920663
9807336
4035074
7495316
6092673
7225527
5814338
4426225
8129203
6426568
125009
1298188
3724140
8913148
1625029
668555
7539894
8198016
6515569
7937862
8927896
9268647
7586010
9364194
3350584
7051749
448746
4623410
6453395
1000688
7106595
928128
7445208
3282405
3820175
576485
9638448
9047188
9589565
4208478
3428962
5197090
1451633
4326099
7377631
5825945
9180896
898933
3874763
2102915
7014832
7288897
3760791
9477772
5631432
8665749
8141677
4076774
5257914
4072684
3189587
7241429
5333378
5079857
6708808
6035211
9595280
2701966
9561408
5818639
6712093
2529373
524647
21768
4284931
5327446
1866642
9114511
8103609
9203269
7163913
7513605
3966624
9142145
2821647
6313953
2106072
6551999
5434937
5739223
7612540
609522
9434361
9002751
957995
3801988
2572889
9630618
6958030
3160107
8829303
2503240
5765089
1298547
3962390
6701056
1247400
6641787
1297183
6865963
1581520
1961537
5205419
8760188
2437419
2207161
4604178
9968248
9871443
5700541
8214311
2744697
7532290
7998429
4833676
3102375
347250
624060
975388
1718456
6548494
6852936
7895612
8285384
6941346
5510080
4277047
3022179
6246385
3422126
3235398
1495772
719690
5680602
2477043
1982816
7882792
5260818
7493214
7716938
3657881
152404
9769946
1928409
5198054
7623765
4966271
4336408
2037237
8987537
6960259
2282253
8233437
4978269
7606009
7065414
4328368
8583951
4911927
7938110
7515245
9613170
9248907
3922774
7251139
8910158
9873338
9464648
4516247
1917122
1961457
1679650
4024403
6972991
868924
5951110
67734
1323887
4752241
7830195
2826368
6319515
5272919
7177902
4537609
88889
66102
3960972
2711142
2058025
2880324
5514021
7573374
7297394
6103632
5195062
7839897
243300
9395189
6879308
9738877
8597885
7748358
479183
8908787
8520886
3017970
6684185
6569801
1822081
3375109
1208060
5713523
8604683
3317990
6768272
9279061
1863535
4753252
3851629
6465518
2948659
1609044
6311810
8867899
9065535
4490635
1088277
1713336
6903712
5925918
9335009
6207991
7464206
145775
4402229
549707
1977233
2604485
2367957
5806731
3565970
5018147
465281
8759290
801154
1865731
8552543
5230188
8616180
8237124
2038390
805641
8951066
2339782
237059
3320717
4200342
5929405
7105733
3347974
5414093
3154120
7452249
4735208
4790791
5796286
3585380
8943875
6012006
800191
9652528
1932418
7219325
8416324
5362654
7655963
1034491
1399581
9968051
3393454
7318005
1707147
6236958
8137421
5416787
2253714
6762370
6277839
7905800
3976699
1888840
7056645
8943163
9349191
4417658
8585607
1969561
5858893
3202873
514121
2559950
7957570
6504664
4318983
1628766
6720388
2850258
3521273
8817226
8243426
2855346
2458013
3220279
2393311
7140216
3314605
2801146
1729117
9227848
324506
1911370
7913237
2044719
2693688
6602791
4610503
5050545
1011125
2710175
1070265
3808290
168820
9248461
5062996
4067652
4319503
4161215
7646786
6582491
6761510
5620300
705864
3824653
3038233
5907506
3783214
8843325
9355451
5980362
1172085
1303976
6637004
7014057
7239227
4063110
8087873
1020713
5384516
6350015
60742
1436059
4120613
7054565
1499607
6683293
9236458
4452066
4470662
5253947
3802938
7788492
4439792
7842101
6218663
8438695
7326020
322817
2105611
1450198
8378953
6943088
1974648
32393
132032
5127227
7747585
4089447
2385986
8762724
352181
2691246
7230469
4114607
1124859
6114993
7757337
1732027
9808135
8605494
8987042
3148605
110156
5194314
5082882
1560504
1406035
9027047
1168010
6936824
8314521
818587
1911893
9494524
4852172
7003987
5803880
6532014
7491793
9452372
1755738
7812429
1392068
7586893
9422643
3543625
4937659
3165963
1426841
3872571
6892550
5238128
2401160
4584869
208657
6467658
2649263
3051155
8878604
5729048
130728
4438632
1169429
6045217
7492864
6376228
465216
5837657
4279520
2479765
9439175
9809444
223958
4402684
5570542
9741205
3225389
8716239
6550926
2525143
4642203
7030652
3535339
967759
6151489
6948798
1182568
9663804
1069103
5305948
5342583
6686160
1634563
15670
6718320
5562247
8941196
9007124
4072820
5180621
6215625
1541583
3942442
850281
1965124
6312327
7764708
1391753
124540
924120
850620
3185159
7559977
2428736
3767034
7298672
5110884
236391
3055070
769068
8958588
1301599
4557527
9242515
8409250
2900941
5912585
7049719
6574148
8420150
3361953
382940
9694079
344810
8066422
5120184
8659633
3087971
4600199
9660641
8511231
534908
6295683
5318102
1219419
2737243
6335130
7137681
1011632
3846799
2363604
8559642
7684655
2607030
7795524
5129064
5694489
4504343
8515916
123370
6341134
6275912
874878
4636545
2109261
9166758
5333986
7910960
4122941
581293
3511294
729571
8785423
5887056
8340927
917940
7417329
6333939
9220497
9681746
5291700
3595262
6521499
6949204
6929804
6132530
9457289
1080351
7553231
5962332
1811710
1898226
3813246
8693869
5089634
8460691
4933876
3343077
7533697
6240343
8932124
4859609
1112353
4461910
7845040
7624580
7982636
9286524
1115554
6581746
4806992
8583499
2445378
5139883
8895386
47385
2777764
8570853
7976548
3019955
5765886
161086
1161364
9260444
8739949
5717699
5850450
2056676
4697741
6052543
9739660
5648072
4966303
8878337
8822042
3731857
9961602
630121
537774
6425636
9999655
7239875
6878164
3944105
4880037
3676943
4937421
5653634
7655609
229367
7947967
6295697
1048244
5741960
5679828
4375867
4079018
4462182
7476420
4456601
8534889
8155004
5456122
4485986
5035341
1510277
7380095
1313013
6539990
3841722
3830373
6602005
4095027
6874739
6159261
9939909
7079583
5852499
1397368
6361349
723342
8937125
6533235
5719201
9471786
4246965
6467055
6434934
393258
331302
6109970
8511434
573921
5206548
9910223
7067804
2154311
2934595
4379101
2396290
533072
3749961
6866529
1280456
803727
7007821
9384443
1208677
9193174
4375368
373672
5605599
1614258
5432668
7499877
3128699
1832634
3908831
7145195
4673572
6588882
1144315
6208459
3504771
158203
8152452
8378793
1120137
65956
2523417
7826184
5030770
2532946
5596238
8998849
2093938
120206
6312408
3880820
6473858
1793091
3085409
1049311
6659411
7865645
2477965
897300
9361055
2481645
2301439
7774640
2527138
9892424
2861423
3920997
759670
3833392
2589838
1908373
509687
6885678
8450693
6437976
6795693
8649477
7831437
4468953
7247429
6735616
8674475
1280498
3869975
3665075
4977903
7296900
294011
3678675
7120491
555793
9327429
1630481
1627919
3349822
4597511
3523107
6067303
1971933
4269741
6765053
188501
4631583
901986
3969363
7566509
2646756
5397194
410683
320325
1666471
3592126
9654669
9067796
3771386
855425
7858128
6935741
2283102
3742738
7178527
124074
9122822
2996300
9802944
2603119
9795082
6479648
952568
2437504
2099943
5506077
8253233
3331905
1784089
9201092
3174449
6836083
2022239
406713
5142966
6383201
892343
2904656
5714559
1593013
9688407
4799979
1881108
1680762
1893379
5831463
5865011
557016
357535
6949381
7792903
1522904
4618485
9661761
3056695
4143223
4437918
4712702
63324
7958098
2957666
7422023
9835149
3744448
5284081
9624679
287447
4743977
7529574
8200552
8973331
1660989
1795914
3795613
7621268
9690209
4463244
220788
3611937
4780341
5169242
4327614
3014208
4405933
1040207
2520866
9640468
8993665
354059
8760938
9638429
5512683
8629652
1441102
3636052
969648
3326660
5760499
5172041
8052786
4033952
1223230
9564673
9897245
1005352
1034580
7887706
8683358
9948818
4732669
517479
7140141
631128
8938167
7365692
1390690
6516337
2533983
1025178
8876225
5218878
770406
5079328
7757051
715517
7119174
7995787
1392186
5844230
2740039
8068537
8587116
5001190
3454062
1514803
8575605
3078264
4278028
2311782
7345678
3178121
5992942
6159670
7368133
2954259
402987
5659008
2887071
3320532
6604508
9057327
1513442
3184753
3973414
4318638
953054
5220233
4216548
3675006
3465777
6389709
7798318
7328943
8239010
9547941
4245565
2980114
4046126
293849
4825117
3396172
4744843
8541049
5547565
3371451
9122100
8248509
3019136
8274901
9623064
8251412
8796967
2207318
7971365
3360777
2494029
2024619
4719368
1817086
7454254
9647441
1202172
4067371
4443956
9153245
2069183
3181630
22031
3503185
8829732
6648088
5406669
312632
8408078
6012906
5967798
3058423
5741244
5095311
7590069
4570157
7565772
5560960
5840899
4129161
9285678
1957035
9697869
8853025
393203
836951
2035102
1152332
1188083
3119398
2908780
8171225
3864040
6047386
774071
6736939
1481961
5483138
5741481
3641802
6582354
8541081
6577390
6285409
4018827
8837656
8294337
9533207
4187560
8108392
2339257
7007323
9198246
9671390
4584550
4306711
3880878
6348020
9506622
4320074
7250379
7409528
7126479
9248391
9656957
3058315
5504467
2943373
8504863
3957574
9397713
9553663
7983783
156848
2306881
1589777
8079135
8471813
8208798
8246343
9666467
3137995
3321740
6268347
1366554
7083077
9931400
2703037
1578243
6449889
1181328
4462298
7916528
9550848
8634814
8578534
354666
3012240
1313277
6822111
9218648
1321442
1941688
275490
6129412
3619840
731027
4323248
8388457
7266444
1653658
7974216
5728581
2036816
2731651
6088426
9846512
7001109
8882745
8589280
3371458
8932740
5545623
8945108
5054183
471623
9163452
7202556
3400744
8504040
1697825
6177388
1974070
7440915
7776642
6209382
9944901
1496510
2473489
8385549
3753698
567642
2043848
7927756
1074287
7714837
3597488
5412074
2192143
3673955
3710992
4974828
6564081
1594569
7046823
1713440
7756474
7817520
4691321
7880572
4203739
9190259
8708361
6631528
1073549
4125645
1218691
1184399
2303608
1243041
3634934
5591033
7420339
6051078
8986572
9333882
1995306
2808112
2767659
7344573
1535170
757683
8662117
2967023
9127935
6985015
7028482
7619347
1443449
4372140
6539962
2475460
6748005
6006732
2960817
2535153
3769903
9392651
7410714
2347915
705514
5758954
5181257
7985694
9953642
4881924
1060325
4683608
3889878
6379948
996919
5756813
5149269
407111
7532083
261048
2384961
88769
3159981
4191567
4026982
6977410
1353995
7004681
6959615
1539634
3346178
4609195
1201775
2963163
599981
2483311
1703144
6381895
7235293
8081105
9628096
1818200
3392546
7385052
1099420
7109586
2875786
4458514
6469480
209805
9465337
1033742
4859359
9573033
2581523
203447
7497962
5487619
1582102
3472769
5395664
3345259
650488
1905279
372317
8766932
7475931
9026768
7738324
916510
3594595
1898705
5429688
8232072
3579589
3087564
5419782
6245240
8687584
9665858
9998568
2264093
9003737
1840909
1234412
6366418
992313
4855899
8419349
942908
1581976
6581137
5734849
1895619
5924102
171641
9860551
2891523
1936900
9579945
1750642
8540983
7729213
3936829
861318
2175140
685690
1043321
8145442
7270514
2414602
5794381
4306422
4490368
777872
8583230
1550168
8652423
1533949
238174
8641248
8936866
7756713
5495256
3490156
6423299
2216979
39891
8763644
5523499
4904810
6653645
7801143
1550558
3398107
1857789
5407590
9450962
2890497
2752772
3329240
4416941
6078592
5479340
8938706
9110307
4593303
1193885
5525408
9511115
9082149
4128839
1847589
5223843
7924712
8492634
2390496
6596401
8834706
4377378
1119845
1833606
4644274
1153113
3993526
300561
6841783
2488858
5152914
717724
8983651
5281135
508216
4780463
6870800
9276623
774846
6857966
4282309
8693193
3158252
4743245
1282516
993822
1321160
9841182
2880735
373833
6424458
934114
7989291
8786463
9501324
3757858
6021332
5096891
1542701
3800208
2892574
7171015
6276884
5265149
868107
3284914
8922311
7223379
5509558
8853068
8842877
5739072
7686435
548733
7584543
9021925
9466898
4292298
8417541
3534107
4371760
2721996
2463862
5961696
8984386
8864321
5842007
6623233
3704042
7783968
2981549
9354036
701071
2159900
8880161
6886840
4513678
9122945
1280549
4720046
7644261
4817897
3165717
1006363
8675306
404462
6757865
3195424
3358859
7318715
152290
7012300
6063404
4077886
17247
6079765
3663009
6579372
2369623
8797327
4542762
6615665
8935768
6749361
4933442
8136150
3932301
2849425
5144585
3431464
5620196
1680449
6145307
9056641
9127013
2569863
6134823
3348455
6754051
8684758
138561
7510122
3535480
4379092
2912191
6440807
2182483
2562461
5835674
6119919
1004191
7657266
9242845
1559137
2417970
6346177
361284
9626330
3339150
1075102
3179631
2928493
4645647
1808239
1826942
131730
2551316
4002106
8266626
3125097
3096591
4479833
2422921
659832
3138254
8053051
5781395
3925595
9505017
4092020
3191829
2080177
9928778
6849469
9999622
5621403
9308675
2019353
488411
3020158
8433968
767122
6499314
9705894
9140391
5013665
7487778
7060989
3388983
8383305
7613817
1005247
9260593
7113186
3826213
363780
648416
90510
3341059
2707249
4854607
7367628
2752754
5229660
7015868
2669386
1022334
930601
4315437
9068247
6731483
8157631
510049
5892825
3136692
8963017
9801917
2088714
6761205
5780189
6143664
3435087
499568
5139102
9664431
2964899
6641936
405466
8390156
2292128
2295306
1266015
2206217
1948169
5588497
8290987
4474665
2012681
2628451
7737391
1924653
2686546
5832625
9370003
1949275
9535914
6942962
1809359
2722790
2710685
9669938
2162906
9429387
9136264
6836912
1666957
6994581
2472298
5241526
1800432
389609
7460983
8150813
3479073
1969751
5579300
3590006
1551186
3145755
3247636
4517074
8022276
6717523
2213894
2899276
7193872
7746558
6538107
3338593
7748078
6476776
9884391
5572312
9405345
665933
5367440
6361291
8760924
4795679
656480
7151197
4400540
3396828
1805243
7655277
7526998
8255387
761507
7677341
9750077
6206550
3251640
5667723
7247855
5608608
589585
3128202
8516314
3761139
9568740
960373
4663192
8817432
7804240
2907463
3652247
8044652
4730341
8783372
88237
7456160
3488968
7247029
161005
3247397
115956
370814
7869439
2407762
8708500
5735785
6045404
1947227
542833
4405362
410513
1859579
1943642
3869089
2424122
8028238
6158348
5702512
867601
2106510
1819447
6964914
2676628
9623328
2983570
32119
3002305
5073281
5648916
4914709
6175875
9426716
7146854
5741633
8648647
8207982
777989
1781508
4524102
1942072
5394965
2227849
8632906
820516
2605723
8478459
7216373
1086657
5660050
5335405
4145440
2713534
7183163
1766729
1857181
4872215
2495311
7106381
5497819
3097496
2067852
7977674
6213788
3576728
9174153
3361275
985049
9888409
8669842
795588
9764060
1339396
7162010
4551811
7895913
1491545
4431596
5301102
1334338
103359
3250375
8056556
6272958
7481634
2214736
5965217
8620893
8278347
9442679
6163842
3146676
7222592
1344036
5193336
5856795
1966928
2228253
9366460
7958924
839689
9203072
4529274
1180500
6025977
9268365
8140954
3458017
1399169
9443234
178772
1192388
4280137
803785
3292783
2293299
5685225
1817389
7011912
6138989
8423964
7739227
42180
1315561
1880950
9680724
9694502
5573619
4215916
6694563
9255336
6848152
5613398
3900470
9390940
1122627
5810002
2504689
6984623
1973625
6932186
4591957
6855548
4178064
782616
5711171
3451873
3151425
6321243
899600
1248338
3926258
1677749
8473994
7538281
9363911
3083467
3404742
126921
9080693
2898288
4073049
2163328
3866139
7287746
2925985
4752786
6480539
9088707
5891009
532586
8848417
8414330
6724356
137545
4462361
8328887
7549859
6883934
9292790
2203703
6322733
4938694
3026124
3743805
7362036
4531821
2537932
68340
605727
1357700
9374767
2650476
7797274
7507246
4251236
3192289
4900600
4607094
3114705
6317706
1633969
5798530
289009
6106503
5781695
353312
272131
3718064
9554441
4354187
4060963
9652952
4722960
5364871
9343983
6601450
7945148
3361252
8056180
8762431
4845190
747241
3296180
8112554
3468826
1468211
5995197
1242128
6352401
5877534
7909690
8223206
5299245
1379658
8186183
5052409
9241923
9684532
3203097
2088622
8949665
2175378
5318510
9008345
1461637
7669340
9778952
8962101
2238606
6277688
9470308
8869010
6404351
2635646
8205879
1781873
2324555
8892937
4817485
8457241
9633055
5029453
9258820
5381543
5917692
7023804
4455863
8177983
9689526
9960802
6938263
5048477
5569618
6597396
5895809
6950458
568422
4334141
1230276
9058330
6117155
351987
8611408
8919581
2154711
3194349
8392974
2428697
2448210
4247743
7726361
409785
9426198
5253956
6970686
5145861
6920476
9391558
126373
2504382
1668242
8782333
5529570
1716445
3086404
8859258
2751065
2799931
3515520
8606226
7856391
329292
2048091
1071019
6261557
8263204
5293708
3665722
2284523
7828088
7405621
8875325
6997467
8303630
8414986
4225255
7402526
6372051
1675787
8525414
47035
357725
394770
5519319
1739603
9742011
5728391
4855739
9185094
8976311
6571504
849321
5062238
9250090
3481351
7627231
1085677
5351909
4439442
4097346
4331456
9429858
9174447
5866832
2053847
7759965
2255019
2973268
9274282
8255166
4960681
2753339
9475301
2110885
5797722
8400714
4570938
1634052
6562889
339356
24705
3656198
3504532
3051492
3535713
7738450
8178199
8084193
7048390
4061892
8281247
4917905
2064534
7816812
5990573
7129535
6270393
9473926
9716500
4860699
5082164
5700115
1232870
4025305
8844600
4414078
7666099
2974745
7877600
7843049
9947301
9100840
2988304
8842890
3592565
1508081
6701080
2550813
3720899
2465798
6567050
2532086
6256475
4274389
5807776
2915135
9721535
5995968
9511301
9553814
3748108
1797021
4861470
4135105
6071878
1595226
6803382
5322740
6782118
2796309
834374
3909713
8343128
7188683
400480
2760250
3561539
7943465
3885378
1875049
5303090
8677665
5481153
7973005
6538815
424053
2406879
9457235
2955926
7453628
4568996
7961619
1426830
5967819
8978717
7727846
3823611
3309707
9637021
3558044
8466256
6758006
6149219
5043399
5063959
3316303
5041263
1012008
8865985
1917749
272983
9190027
7377522
9199912
5272025
7949857
43866
1022201
4770294
8789963
7857413
6922506
932771
5524006
2391362
9255278
630859
5129734
1673474
3333499
3532433
5990819
2048865
1679742
9004738
1505860
6705785
3812561
5498760
2596488
5132827
9046841
5137608
4199314
5009003
3735645
5083066
6639647
7462379
2735020
5656681
8137894
8160869
324559
1020196
5790356
319803
1497986
7180172
4174536
7779767
4393400
4459289
9929499
2504074
4710160
9158188
5284669
7673261
8644042
9214294
236239
2046881
5071474
8509392
7371624
2299461
2319845
3321666
4038523
8463725
4996166
4608606
4900897
8405412
1274849
8435272
8938788
2793658
1871781
3455343
3215183
1486275
7183373
7431491
5444454
5379661
17811
3362210
3247502
2759163
8295535
5641417
1791548
8480969
3267518
6900787
2806877
7590955
5151192
6233039
3483908
7014433
1047768
1481916
3019001
649279
2004943
307148
9502659
3548333
7687079
390324
8204675
8631657
9154419
411957
6179195
139645
5554632
5372114
5268649
8715943
5868173
5921544
8514966
7011207
1778597
9755806
1354721
2625026
7857971
7504905
9321527
3202453
6788559
7960312
8200156
3442119
8255253
240501
1789661
6332853
2037646
9606356
7678223
2368009
5722522
1866525
5662238
3641013
3080063
4880583
9360898
3659819
7944186
9243305
7383040
9145817
7109032
6561787
3963775
7187746
1979792
6061681
857560
5995644
7652879
5248945
9174438
4465963
2928239
3860893
777190
7214099
1047059
4448084
7996867
4000018
4590446
5544034
4875439
3415716
5749433
4815539
5717210
8614320
8663996
8772608
1857507
8269282
1884580
8179781
7587461
2002613
1873046
8652546
6856747
5237230
3548668
5332466
1320801
2236908
5395762
4499728
9748480
5377616
9893707
4098016
9571246
5515554
9261249
9005678
824659
6669394
8663422
6851205
2476899
4524193
2286656
1361464
8439245
4866463
3806424
7270258
8672858
6600889
3789079
2110791
7244113
776524
1315161
7597469
547902
1231421
6055215
8083470
3083615
7485210
2281025
9177416
1775650
1301072
1599591
4354895
9785541
7949996
3338274
6135406
2382414
6676179
2339467
7547022
6825306
2387668
833707
8896175
6615602
6825734
6624790
2439582
629647
5339582
4215536
2972755
3924833
4255821
4189686
6573280
906590
3461063
6973955
8159601
9675872
8738103
1130587
628859
8382050
8622238
9934279
22583
7141447
475367
1132303
1616711
6024333
8418249
1322020
1110071
9991636
150952
9439219
8531498
781486
9548067
4725898
2854750
3160060
4945328
709086
8570343
9357730
8690976
6139444
8143364
423801
668474
9794312
7405612
4969336
2847293
2849886
4408112
7121067
9166074
8126284
295344
5252566
2469492
4854458
7696452
3628790
7583618
4950523
7521397
1489625
8212840
6676273
3840041
5824703
6876159
5390372
3067110
3310977
2379698
9318797
7834879
8162238
6735091
7486688
1280352
5366439
9050497
1950612
8120431
2542211
2896635
9521969
6058182
4156318
2472450
5761160
2252409
8249787
4601104
3389296
8804854
3102231
6610928
7761971
9262026
5821884
4059025
4284446
1682905
3474391
3411460
5006930
808349
7969240
9326612
1592460
4550285
2563946
516043
2250016
835942
7759309
1415704
9014312
1606385
7086138
8278761
8843931
3704061
7315446
6396158
6550834
4911559
1779686
3126172
3082147
6336956
8987147
6336901
234430
5554758
4971726
3260760
8848959
8393983
579041
9274296
6736492
8869876
2794705
8065979
7509466
2011831
4521655
9623444
3625745
4000680
7637171
6124806
7617838
381662
8262103
773457
3440480
4572013
4147371
9575466
3429202
3373800
4620926
2606093
5132785
6515092
5089144
4466082
7687880
6903113
9843199
3994776
3710994
2624278
9964444
9247725
963195
8083668
9381669
209285
3613135
5809323
41208
7146306
8584072
6446461
5236146
1485956
9222726
2926941
7408992
8323248
4244496
2667222
4988765
44591
9102732
7589374
6362246
8731474
7092206
1448348
7086759
4197161
6995209
3104088
6151543
5039822
4051974
119622
1019297
2697612
2495345
2736432
8349541
3964420
2499797
9317853
1722631
1327389
5049956
3235417
1833881
7761791
361000
6123394
7560225
4880457
1698498
9883648
530234
6842241
4523426
6358366
3439314
5452034
8594056
2055390
5421624
4887260
1093881
2008846
240968
2600203
9959404
4222364
5360499
6448782
2815175
7542230
2379914
4894394
6274478
5737846
4609730
813787
7788603
5683720
3763481
8780804
4346884
423779
5046061
8181701
7267091
4964483
6113811
5757474
440101
7484848
4210677
620244
3460277
3849335
4072532
374919
9369095
4504943
9717780
5971166
2194743
9005707
9449614
8980667
150336
886863
4598846
4996020
7234649
7117774
1230571
1754978
5961756
1098127
1447045
5728477
2901106
204918
7445903
2063812
409626
4614101
3316213
4295067
9009446
3084993
2377739
8369334
926063
8048083
4478156
3754660
9973669
4018336
4020549
1745306
2656083
6415496
8215528
6766155
5920299
1203067
4586321
8163514
6619191
1020369
4168660
1540525
7296190
7903884
9670213
8860067
1313570
1153632
4376405
5070583
1020950
7762861
4657672
6352969
7476177
1267089
6079737
5142775
9867136
2649226
8277203
410099
8956125
6101764
2921544
1182290
6152187
9612334
7700508
963695
5278835
9705672
106055
8541528
2411929
6905499
1808067
5794367
6478023
6672971
4856001
287105
39330
8940701
6672868
2619991
6238325
2261273
1992443
4879614
9584262
348903
7593899
9387512
6165159
6328072
7098372
1365467
7322641
4009068
1728319
107119
854138
3124201
2498245
2727652
6093930
3159775
5157121
6125359
359493
4527230
3511301
5096439
197379
990327
787001
7499609
8251199
180641
5981041
2122716
4558458
477737
3953033
7170983
506980
3764089
7466546
2510951
4419891
8512839
4167820
6226033
3867739
2095457
9333261
3286839
6685269
7509271
6152626
53140
5767836
2136020
4234174
917279
925282
3080994
5398683
181184
9145337
7356470
2094102
4785236
6410239
9282136
1846242
2678105
2159088
7560040
9757066
4768885
6142650
5700288
3899856
6657612
7377548
9705856
7440109
3529701
8306979
5405493
3175518
5433489
3211433
7548231
328919
6521326
521046
1411958
5907205
2559276
7948539
5287496
1746251
9946394
2381713
7031001
6746856
4784776
829454
19947
7731483
1754865
4959041
7444463
3224012
7147620
9926319
163145
720917
2480584
1974542
8603447
8014830
2909520
7022875
5976594
9991056
2095683
9680575
7957297
1247825
9962802
9619923
5142978
4465865
2036587
905037
3538586
5505919
6656929
4958370
210045
5697994
646264
6949209
9169528
8172810
541787
9873611
6565076
3198197
427423
7480908
1978354
1575676
6079549
2496337
3111638
4009066
8229945
6120072
5715241
8358180
8962710
6355266
8450570
6036086
5579652
4621332
4915217
8030442
188303
1391788
9839460
6148652
1422931
5519438
4078191
7209267
1607634
3238902
5808373
1741407
3265898
9788229
511723
9157996
5942775
9351488
6998474
7755222
1064374
1006219
6057724
7621659
1784536
9897296
9161135
1653112
6643980
6046915
9926481
6404462
4588601
1367494
7687368
737504
5279961
7803104
3457794
4907170
7153521
978272
4028959
4998161
2231781
7494325
1839441
8476022
815346
486729
3225492
9951994
3555937
849560
8882340
5059843
4889748
7426551
6993625
8287016
2866622
9168723
738224
7413104
1258338
8945133
5615351
7411866
2249702
5091170
1360378
8351291
9023910
6440804
8244070
8820865
5135285
3759399
9450347
577070
9231154
2406910
3707772
1725080
3756359
340359
4319600
3458966
6164854
7954485
9310381
2728428
4790909
3977944
6314621
3331832
3620440
2273131
2381260
968902
9840153
8952031
4255399
3554571
4095301
6374223
5493517
6045633
3339936
8454971
5837514
7016288
1721676
1235332
7201474
7304339
8725144
3616905
8715425
8655248
7113527
7943751
1164862
7010125
3821919
9240024
3296160
2501031
6026271
8854640
8759977
9783345
8689546
4713116
6468847
7916713
3641501
3756782
3147004
4595879
4181178
2469199
5887013
9784472
7253226
5262193
6493942
5001128
7066251
430780
2233064
4118881
7834541
9963652
5153772
7411119
6707400
2312405
967760
9520783
8922047
9104643
3332932
4932828
161394
6491886
8944279
6748369
2135268
8798974
8361621
5629150
248105
7699621
15264
6743830
23921
608149
5985840
5089083
3417008
654818
8686474
6599033
7512707
844526
9119898
5519906
9030379
5122420
6458876
1328777
7538646
1364416
6358473
6496394
1802758
8016092
5428915
7799776
1855640
7349752
8600003
7433620
8163916
9798354
759432
9021450
8206453
7932774
1011887
6166614
5147246
9713039
325477
4609550
1284229
5748088
6752715
4376725
1812988
7612351
2805490
3237496
7939305
9695908
2704541
8926049
6917393
718765
6323895
118433
3001294
834617
9979093
509070
6243102
5419082
261638
8560682
6102171
6844671
588399
8907407
1107497
3708270
5637302
3788470
5879056
3698514
4487615
4735493
991308
2941667
358063
332493
6840524
5740914
3355850
2259747
9015690
16419
6679825
8579380
2830668
9358212
146409
2458185
4785324
3366764
8163032
2874165
4441055
54139
8919833
4430378
7572798
3865299
5069352
5463351
1942442
1969291
2381214
2795216
9012735
695694
8616330
1054364
9771474
5682303
2067371
8715094
8027916
4701997
5985605
9809570
4824776
3400245
7518380
9708589
4121144
1919486
942325
2384354
2276140
6903116
929354
5119049
6005946
3392304
7362059
6311373
1527864
330147
1394925
4438057
2808104
4505214
6315688
2976415
747103
3478383
846653
1599865
8402402
8039590
1535702
4643427
7305096
5319377
6005818
1799418
7662518
2515414
7106162
1164978
2567124
4441793
7390479
7599211
8214384
5515124
2099125
1803128
8145725
4713326
4157347
8522175
5432406
9732979
2137650
1632434
1616350
535871
1291986
7615936
4615215
3468613
1949176
4980453
2693796
7570002
2940978
1128225
7680608
9839548
1529053
9817436
5150454
5593208
2356324
7386970
4855854
8037026
8513119
135528
7608430
817559
6059007
459552
6904998
7178426
3391418
2329974
3157544
7714355
8413571
3281058
9075668
9861482
8616433
9321372
1141145
281068
1079087
6109264
6019912
5563837
9289227
103559
9308695
4641312
1939132
1528559
5949849
9110290
3829514
5175311
9562372
6566190
9058735
7331741
4812632
8333341
1221333
3448826
8833723
2811100
9447261
6518362
9922216
4446698
8189886
4620035
5969027
493612
482662
1494878
2236796
3347124
9361978
7056990
355590
6311814
3243372
7161230
4845216
9325705
8422180
2942164
3580959
1966491
6586902
2853772
6524057
4813643
453850
3848124
7248512
7177068
4817260
939982
8574100
2872575
4421908
1658242
8858336
968344
5476166
6034957
2032995
4951377
8458058
6904591
3362496
2618659
6051672
4578142
4844314
8648785
2963097
7276367
399693
9314816
7550506
3591539
5446721
8595365
4104437
6031465
2349615
3153743
7523480
4786477
4409109
9430661
5747158
8352495
1201749
5087507
4279439
7000463
8227458
6732310
1462052
3737820
3647577
8392661
1151414
9296143
3303962
3277017
4734360
3165007
4575979
1365697
9351772
166771
4910978
8281069
7048787
5836600
2008014
8662414
403669
8812638
3895609
7150614
5827103
6547294
8384184
3818049
6738556
2011471
2507573
9025724
6832377
1836336
8804525
7406290
7482041
9707940
161326
9692463
9422112
6011088
8840191
3886336
7929769
258597
4793326
9270333
9508594
7577158
4963932
1980005
2115240
4175284
731874
964999
9501255
9232081
8208701
6976440
5924142
3300906
2162415
8992849
5331522
6129801
2524862
1787184
834545
9584462
5433571
5321713
6055717
6936372
6149704
204869
2322529
4466989
5532487
5494905
1944802
3115283
2830422
3161309
5072674
2625244
6019547
2927460
566161
4525377
5494710
2545862
6527388
8922479
1305551
8139243
3321875
8258386
3983234
6629023
468258
9082032
5757334
4870699
8927507
3442971
1403206
3221650
3488133
621732
2805700
5876398
2623475
1160358
5492696
7463717
1802106
3630620
8872222
539963
9444410
2885776
1299236
3765006
4341338
8883209
8625060
1518139
7022664
9387830
4439719
2436837
3184920
9258632
3257136
6827106
2729273
4293944
7590466
9553677
2583974
2584313
4890950
3803838
7646433
4433128
2549566
3485473
1459336
561260
4858984
703471
1425799
2546270
1495785
1720194
300510
506610
6493342
5682231
7728324
2230107
8099752
9235809
296748
633184
7951852
7011614
2033570
4284452
7125100
5702503
9226226
8958681
6785673
933022
7739065
6883081
3956795
5001102
7349463
3586151
4931481
8582676
7812904
7093880
2879521
3329287
6454716
3124468
2660887
606312
4210887
5021801
5535381
2014043
1651537
1407940
3378448
7013181
8197967
6503536
4223107
7803092
9406571
4348170
1713884
2318626
3153471
2466435
3950402
7890012
5005142
2966750
5214554
5767042
4112829
1173353
9621162
2238352
6135339
2785918
8874782
2185836
2041589
3476672
9807394
7637555
8243260
6777966
6408689
1100665
7681052
8205135
2322566
2545695
7269835
5757643
2735469
3824019
7468648
68355
4296443
4058547
9924640
5625897
6750375
9210303
28495
6053593
3655871
8365327
5125541
8393800
6394496
5686065
1427438
7912739
6629302
1389451
3487064
5199292
7325051
676958
1873567
3434723
2895150
2168283
5619779
2354962
6268257
1649569
4151275
3394502
1384928
3272214
1530615
1499331
4982776
6218370
9196678
4199934
4812337
245330
8340197
7536027
4224501
4916440
9323031
3304245
7928764
872029
2591398
4600830
1852378
6238985
8075372
3522405
9729848
6929606
333901
1994893
1979360
5246445
7229347
664069
577569
1390515
8568755
6311162
1153206
9532635
7860468
3671708
7671910
2063392
455108
7403427
2273241
5585481
9624559
7633696
592689
1390591
8947310
404153
8701291
2297159
8745791
7474879
3578145
9443072
2119118
8147814
6660204
6276147
4881148
6135872
4818890
3053710
1164390
9112193
7966803
5044009
5268897
7236787
299546
7099181
9110784
9039733
2112685
9523661
4558130
8865965
2862328
6294906
4314758
5720918
1617198
8041380
1578717
7617046
174900
494866
4779923
9666200
3768045
486988
9792292
6032300
981347
1479958
5574084
5900652
9253088
1131097
554191
8442244
9338938
353962
5257376
9487358
3569366
4134463
8218713
3100517
9476850
2644283
5179567
4939357
1716221
7159345
7308536
1432840
556110
5224889
2159878
1358781
7430898
8041548
3135842
451492
2244803
8899432
9133997
8011178
5405122
8940387
8626058
8096293
4103951
4095484
5696312
8313580
9823629
224903
5348685
8829516
701791
9718192
6211639
4574441
8018665
293094
7772205
4759755
4040546
4674067
5903290
5674716
5053491
9018213
5714064
9489052
2708453
2690876
71999
5625390
6191646
7115182
6354395
5685206
5583614
6504216
9302927
3536186
6651859
5424110
1742739
6338838
2677946
7028587
5525503
5828610
6717675
1489269
136669
3839290
9853634
8604276
296765
2438782
771091
5150896
3814938
6729317
7059814
6184828
2678118
375276
6175602
4552902
183064
7105205
200401
5171997
6917103
4996224
2924736
1702000
4764683
1267261
9675778
9763248
7708984
7962172
5864102
7440652
224284
4368437
8601205
425516
1974673
6102549
6299621
882769
5491194
1750689
8637905
2576866
5866186
9952765
4526585
5390990
8278242
8355376
4370500
687287
1995548
6763560
3813355
4339198
3572093
3647811
2268843
6751843
719004
9974979
472353
4174380
9071320
1454845
9621465
7402926
8917360
9788576
5886568
931526
1655885
5600741
2191421
9973269
4835945
5560199
5552846
9268085
5191452
9326466
6569629
3360347
2719970
7606781
8309850
7113211
6334324
4460236
8301610
1400218
5799857
2594439
7170241
812038
9410199
4490263
3100148
5966970
9917972
5410318
1514906
6569473
2710259
1842451
3997635
1131276
2414694
681335
8177143
6682109
9308841
8076478
6766678
790870
6206942
6411638
319057
5486139
8607747
6625261
8178801
1062497
6735243
7903973
7504433
4800756
1798225
6044055
336821
9131940
7727757
7641952
5601915
1438859
8919099
9564078
6615871
7016221
6658670
5292910
3315272
3547298
5879521
5355806
2406427
9518243
6704929
4412258
1605750
1928104
1842784
3213253
8449307
4088090
858630
7924447
7588642
4432098
9455125
8846567
7556914
4594763
4048170
2652449
1076951
8720677
5978701
8858545
1100804
3136311
1867550
5850042
7280950
4378720
6106223
6238612
1048030
595397
174472
9948679
7218865
640324
5140395
760162
398975
4284142
5027118
2511787
3555215
1632406
4469304
9861226
1850229
7285654
8036651
6653934
5778045
2443238
2196042
153926
2144174
4230073
3883003
117540
9261701
1489679
8247208
7347936
8805724
6396253
6688963
2239171
1620882
9965518
5402839
8481561
2698207
7583990
557702
66141
151998
1648748
83426
1833002
3988322
3629099
9927305
7417870
2874256
8921463
9209753
1067558
2309260
8930466
2076887
5371377
610784
8219603
2308730
2835557
5842315
8662405
3924282
6882573
6282487
9322000
1341091
6077244
9884313
6346757
8793273
3961393
6022599
6740333
4539608
5030697
2235776
4778567
8589731
1271895
5887064
9869359
5528806
3474599
7216052
1298313
8131878
6179010
5670253
267707
363621
546857
1130418
9092827
1006231
4296616
8490318
2090994
7944760
2939485
5896873
8510626
3119651
5006991
6937214
475352
5823616
6356261
4274911
3335863
445169
6108777
1830068
6720164
504439
6512498
1705391
5286267
6461558
7891545
2307987
4375619
8539935
2382727
1501823
8828060
127774
9769250
615160
9399682
7046566
8942177
9064993
4153910
442347
2875347
4232501
2263512
680411
8428346
4767772
6057544
8375200
7576306
9327382
2450510
2407567
6009820
758557
5445984
6608828
4277903
3137340
6814101
2040730
3536533
3709287
2011221
3812438
3192285
1310777
4033364
6821158
8668934
2947067
6592097
4099283
8398687
6211373
6886595
4848253
8735838
3064634
1275252
2108305
9799806
7153144
684230
900035
7958149
6372001
3032325
4203725
6094099
6394574
7956840
2436623
1036160
2989834
2309485
123329
1919800
4666950
7214849
5486761
295830
738467
178070
4985409
1026928
1228201
9198275
6710299
1524344
4860342
3379307
4845704
4843391
2579113
6669001
9549665
3589139
3901299
3020953
9515628
1644077
5970006
78731
1227118
6270848
6193221
4991347
2350328
5310661
3606425
8700639
9225115
3823488
6465840
2496847
9980130
857607
7623175
3302745
7923191
219858
3691262
3339096
5811623
7513756
3016682
911243
9387281
148507
5808812
4844634
8244608
4952609
6999777
3295848
114051
3803789
3423889
6340053
2393874
3599582
762566
1143439
1850920
7797137
8844229
7132192
8624103
7786304
9096045
2516277
6418450
2439235
8935432
4599731
6524130
3524489
7814483
7697753
1795317
5849909
1533572
7309081
2056032
7450708
5869807
348316
909112
3977893
5451258
97938
3317945
8038913
2489307
4755759
9349779
4585024
7672349
203932
5123661
9744123
5141438
2553361
997959
2294453
1586783
965592
9918401
7742698
5477978
5833936
2599095
358967
1324436
2677010
8113731
400314
7178834
5105396
3275077
9647747
5468571
3633983
7771787
3245032
6236415
6361856
6017779
7782057
9393710
3838222
1597468
3179277
8839389
2999121
6803372
5102245
5237365
2068003
6674243
7310442
9987761
1614452
6604343
746093
8966888
8124609
1439384
5509060
3847824
888688
6343198
3999084
8720024
3598681
7738547
7830575
2393558
4108328
6896079
3833202
7367994
9811306
7695935
3628627
8113711
7429978
3180898
7647341
6259937
7165830
8418846
7952357
9959814
8148386
904390
7060184
4358777
1230705
9581202
7386565
6677558
5028304
9661947
9156472
5341632
7670275
6661328
5387965
3348703
5683868
7888234
3119252
7012865
9152771
4845338
6503386
527675
7695925
953798
4447436
55704
162750
842145
3944833
1281563
2403825
5542908
7555765
3868660
529058
2827481
4885851
7092174
5826513
9635575
2698875
6133107
1169140
4832386
1735878
7760356
2183189
7564719
9910038
8310841
5249663
2757156
2027005
2898187
4150180
7744406
7770168
7451257
9358604
3911406
5362700
776341
5838348
2115745
8297385
5344328
4169037
7098697
8523245
5811869
2456561
5212231
67738
5371630
7612476
2496206
8952411
8641933
1545913
1089558
6885980
2632710
8758582
3045553
6516375
4721688
625433
7836725
3764338
7851926
2640970
2431213
4526951
7701688
9138444
5714870
322424
129338
2015840
2880857
3239574
4166116
5125750
6884865
6772608
4015540
113614
706744
7034985
3622855
5158106
363570
8337310
654935
8323055
7113805
1750733
3466696
214926
2489470
9107411
238110
203884
2190431
3396171
6915650
5081575
201016
9051077
3109108
1820922
2228238
451972
5344915
3683599
6483814
3788070
4316330
7298946
5644239
9414414
7266047
7721929
3616773
645064
1170187
1935236
943185
6232515
7103603
1140766
9567874
3430803
5159327
605682
1879463
6071333
3882568
5191688
5578649
1277479
5031386
4526571
4731278
2700149
3483100
1956596
4460939
4677008
6241201
9330586
2493194
7508084
4967983
2514363
4910213
2766865
379857
996039
6875426
969151
3484731
448793
7158237
8281194
3602135
466426
4290599
3811427
8422834
8517592
1688532
7617484
4436342
490042
7399159
8294079
6149068
6412845
9366814
7486881
1479575
8505091
5421974
9159645
2804293
6348664
867327
4776842
2276914
6546149
7040443
43100
3762780
6943987
3936068
592646
4418019
4743221
1013234
9513906
9850171
9495276
4644505
3837442
2204896
963430
7636535
7784263
4227412
5734329
1446022
9958223
4068792
8528012
8809391
1083632
9384553
1601640
9879380
6825044
1471544
3920989
2636836
3964357
3764930
292202
4240447
9366923
2374106
4761121
6725816
8711965
3100967
2930439
3583115
2488662
7302912
5167342
9703039
9616779
1065572
1636639
4477061
4135521
2860293
5762224
3617668
8254146
5748559
7562888
3070468
7597591
1601597
5243734
939328
1970516
7168717
2813685
2263842
5838556
2110241
7870630
7250278
5422588
3233323
547942
6276617
5049097
7631081
9549574
1158608
4678687
1262972
4675662
3263814
6318110
9220736
7650866
3912587
8746103
2009159
3902466
3311715
3834187
5852784
7974421
8864710
9698334
5860516
3466854
4182536
8721785
645141
8916963
9383564
8488110
5425144
3272713
914559
7229565
5218806
3581463
7787757
7696716
123000
888967
3410719
7759239
5271521
8786764
6076216
4101780
6025684
3329005
8055290
2579812
2644075
5944604
7083737
3071012
1354388
7882346
5442546
6230233
7364863
4974856
9859167
9197814
1975765
3727771
2803872
2972344
9912698
6601291
5153101
2923910
1827804
3893485
5092698
7475130
5764198
7438460
9438566
4365988
3076963
947265
6430948
8493726
6945609
3688176
5297125
3420707
3072724
4016083
7486489
1763663
6960992
9805697
7412527
6181801
8830367
7159328
6812800
8629743
8480517
8293188
7176420
307850
3235583
1111442
1023235
8818081
8692994
5579010
737150
7839806
5172578
1435539
4442538
9265894
2957968
7445064
9361047
9890755
6780787
3303580
2785501
5905214
8924908
2869185
4466416
7017299
6878152
9423252
481916
4489025
2692471
4894939
900115
813378
8447520
1027979
9131192
898776
4755761
5110554
6906627
6673772
2723480
8850261
7767331
6529482
4617635
3365157
6071899
1199230
3555853
7387632
5450434
2761163
4388038
5230609
4484242
8868976
8833262
4990940
9701019
9532172
4944174
3792298
1499461
4966443
4613487
1769292
395121
1374619
787167
2839510
5604901
8993477
7182873
2103554
4882478
3832239
2282398
6480230
944584
583385
5158322
7758324
5357346
3286075
219062
3218816
3330561
7380172
6504745
8681049
7685902
4883023
5507873
8742872
2480063
266023
3912285
4188273
3225971
5256310
8985859
6897364
7890173
4834132
403545
8399941
5660806
7817249
7772118
7878407
2863341
4972447
1775482
907936
9899717
3723205
825375
813354
4512739
6772494
1050874
6491813
7155503
1958806
1512925
2533401
9447396
7232600
7009864
2153965
7928436
2882819
6637181
8961151
493497
3252441
931516
180344
7496278
509452
2033207
5509780
1128179
3926887
1357316
4365029
6549820
1742299
1105097
254911
9961427
887852
4938412
9190175
8225644
390495
3690105
3703714
7021183
455154
6472565
255635
9137543
2993149
3048713
8272854
6285768
1229803
1068050
5923930
4782405
6407080
4059110
7466742
5364604
3796745
9229740
6709316
9488164
2500142
2716855
8464583
9221795
6637449
8199238
7090067
9976358
1400815
7611887
3537635
3874963
2842205
9118488
4731570
802988
9544286
3255208
9090735
9534021
5858658
3389686
2417451
1044116
5968538
9074443
4012978
5970361
3766773
3009221
3985419
272809
5532638
1736315
1390223
5988768
5287768
7197098
4608632
3857511
9287568
8766924
6600374
2075888
9630847
1461532
4428494
8890484
7243068
1719235
3934965
9201453
9329269
5204304
9460995
2829520
1117489
9494915
4986905
6437445
4009910
8880342
4442297
5647475
6725551
1670978
2620024
1844675
1555954
245258
1380256
9521886
1009671
3366465
2408554
6373036
1515650
5405314
9159636
458412
8742128
4062707
6039283
8677229
5671103
9060441
1994257
1197023
7562774
1635011
4603781
7776790
4885913
4215854
753552
5572403
7629497
8153947
9788845
3204181
7884437
5350714
8905720
9457616
6105529
7356477
1145711
7076555
9271238
5399277
3267861
3084396
3121030
7095910
2745554
2382402
2423480
5399177
4034644
9115349
2842458
8136123
6314742
37997
5225248
4322389
2052098
2226503
3477150
8225234
1537620
8359301
2642145
6653256
4601631
7357318
4900364
4250368
6686485
9716230
4446905
2439224
8853094
2186980
2513572
4155327
9639635
6954915
2937367
7668765
6220311
4293322
2401589
7529851
5851282
159416
611541
1278285
2425886
5055127
3000824
2741618
3811885
7592009
5152280
8828903
4952581
3118829
929915
7320792
5278204
6446878
100896
9507816
6157187
1073595
9519681
3872774
3695571
1565520
2211701
5433394
2777738
6401113
9937146
2988530
6520889
2343117
6981808
6975267
4203703
11688
6775079
6673463
5369550
9428160
9851349
5899622
6352474
128426
3453511
6372832
1508884
9459331
4047574
2075100
7438623
8626884
2396121
7210524
9230647
8836884
1300518
4917922
3149501
5611430
222178
5110426
3684315
8402211
1645619
9975864
798010
1977243
9948740
6756172
8643674
3551671
9061107
190769
3796970
1703969
7000370
8776008
6603045
8070963
8825976
2807688
1421891
8045527
4317170
7003311
6405065
745304
4208335
9920991
6906221
582095
9224878
5127824
3027669
4860518
2712845
4442227
6054008
9252102
815865
5640661
7278145
7233887
7940200
9632503
1631629
6687385
6135220
4063983
7977287
3827555
3417397
6188383
8210520
8246524
721958
4523188
838094
3640441
4384092
9219453
2726556
8445585
8142060
9583143
2814304
4501779
8751791
5891157
2394447
9033417
8513958
5637608
1564666
5652755
8147938
8829100
4905186
1572785
6255256
9119476
8852667
3390211
2770621
4994585
5694222
1620289
8068498
8945605
1970143
9288485
6633503
7022481
4701108
7948267
5301472
2160903
2011987
8344876
3921284
6798398
5010467
388796
1788368
7608772
5775976
5061212
2095466
4534781
3837113
9663645
6767035
7978397
1684086
8700320
4522486
7281873
3568326
8625023
5123707
6685254
3661468
6393210
6236260
4071943
4337800
4901030
6163386
8230621
687499
9840390
1422218
9837917
522201
3403003
4334550
1595650
4700630
123214
127656
753982
9979191
3865485
4099273
881053
6222118
7940746
5162265
2086239
3251559
4791504
4157471
4440521
1134988
6850776
8059369
2663544
4321336
201264
7559004
8782879
2741685
3079741
9101315
7066103
4809653
1272089
7386469
5760875
864243
7304587
8504034
4938809
2762627
4264590
7625787
73382
6982685
3582088
6700111
6914102
1385255
8156990
6789661
7623126
4766584
9529960
7879761
4042631
612013
162782
3606761
795274
5412968
9245091
1861656
8611513
9437487
7932328
7720011
7629369
558868
8991092
4575640
2519974
9541194
6872957
6710456
5560929
531430
8607885
5958915
9086883
1885790
3137674
8667561
8998664
1553433
9224957
7947282
5146186
2562459
8442411
8506109
863900
5437358
8531571
6390032
9225555
8193881
5475688
6042586
4700609
5150184
7703468
273925
2101235
9493086
8975481
5281781
8477893
5185030
4492023
7717303
869232
7930510
2818345
324315
4496640
3427547
6565492
3516861
9990767
865233
706953
6921260
9274155
6067461
4672517
9670420
368938
9271132
5631546
6598637
9672845
7117325
5148874
1770951
6600780
5954017
1557488
7358279
5435311
1011177
3224018
6624394
9430348
3716569
142789
845814
9680698
378579
3357165
2409188
7986284
6078180
7762289
6289473
9074940
4730639
2271586
8676353
5326822
2353292
5389738
1918433
2336800
7673399
8310948
4134631
5575879
7227650
4839571
9456677
6452339
1437233
8129801
1285949
8353510
6303350
17092
8540654
6458153
2423250
7274218
5529708
2848309
9399941
976820
3206018
7920483
2936094
6409441
7408315
5732743
9448693
1662108
7267336
3786514
3663856
1786631
3730356
4408910
3274955
8299514
9018184
7659587
3770372
1790748
4000331
3359454
4333649
6992727
9724522
3679420
8009758
1933931
1114665
6570354
7682708
8776515
4832891
3372246
1432909
6882507
7776842
509682
1472500
1068432
9384757
5036655
6217036
6725375
5950235
6705315
4680342
6444101
8369731
5880732
7555572
5069324
1537940
8483859
8685750
7147491
8765072
4788302
4169594
9531763
9815024
6069059
8998188
5297960
422988
7846504
1225515
8467436
150032
9812546
5410653
5222484
3241121
2915094
2604198
4301141
8634576
4807569
8188520
9721834
6464906
2821467
436222
5504937
8860912
6165206
1608834
5418245
2746598
1459905
8258504
2948164
7356313
8768866
2792452
2641094
3763785
2134809
2408912
9797115
4309985
211694
1795757
7076677
4990204
8114560
8096829
4849848
8600701
2437182
7393658
9404747
1235909
6751567
7629912
433585
8832071
5821202
8861636
5867787
4405177
7848883
1520530
7162173
1183311
8527798
6447351
4079043
2354781
2314578
2761811
1341320
5495436
6547863
866912
8105348
656674
3590761
6588979
5098070
2492892
2851726
6638634
2922910
4798412
3872842
8259353
401551
2587724
6539356
2107150
6292332
7372737
1677136
8089219
6761951
8611752
4703626
3919156
2775648
6707301
2897051
579577
3149101
1310199
5967786
4363504
3246511
5277377
8733564
7242100
7155602
5953872
241615
7909757
1569088
3922963
3517732
1647039
5458811
1901569
4346421
5180745
595027
1083733
7143340
7236503
472803
5450393
2043774
7973172
8115176
7282013
1140953
1901046
7349829
8950838
753978
7891514
4540082
8864992
1022628
4604381
7043093
6062037
7100433
9132738
8701224
4289794
7326494
6921610
5434260
9423102
2629600
5332001
2264949
7914399
1260436
8310696
1842403
2447287
9372119
5947419
6227046
9510212
6934428
6161063
4560863
7200831
2139338
2034225
6545687
8629726
8460289
272688
1474747
2495819
3462040
4101747
6662428
6283960
3687055
620407
677445
3177563
5409244
274127
1261402
7096048
4177609
4023591
206538
6869677
7067762
2614678
5509823
5995948
7163182
6971420
5951838
9640821
7398057
8847793
5038515
6541156
2143920
4577437
2222894
4857613
7420312
4716038
2688990
9490504
5913485
8262700
5571866
5934143
321152
4162259
6128377
5966042
1036147
9135146
2118073
3382883
402325
4550111
2358490
3643272
2309469
4735565
4904621
189151
7933750
728912
4286638
8154638
6998086
9281824
9846923
5715164
6083358
4804262
7218127
9227898
147463
7731174
5738972
7831606
1161891
6087390
4213690
7914986
896852
5871606
9702437
4536862
1447283
4026420
6254691
537001
3475541
4299009
8098534
7759002
8057555
4450220
5167808
5087323
1928039
935570
9877131
3545906
3158553
6751255
1572185
6058632
5081234
2823201
5347281
5173161
3400069
7528379
1212665
305580
6317395
4334497
576784
5900824
2966276
4376016
444202
2345584
2246189
890518
7872714
1029431
3440961
5229646
4888040
8821631
7637783
3622329
944077
6106486
6194768
4631119
6303915
6727892
6972452
847823
8317964
5409983
4635637
3265216
6104315
3522315
9404736
7277131
2216578
3468993
1565738
8379412
6788718
1128222
390715
8477381
947507
5753017
4530461
4505583
6062607
692235
397025
6328458
2202759
4417608
256343
3931210
1692488
6065939
9278755
4534508
4749
5910743
1459812
4630320
3347396
9388232
3679939
417015
1276670
7270411
1690269
1722594
5686920
1694968
451050
7977095
7488091
1121135
4325685
5157980
3492236
2398154
7112474
3911008
7882445
7994332
933032
7409758
5256695
933523
1264247
6886143
3119107
7880622
5613317
8391454
6358395
9253033
1652005
1502912
4774891
7810777
3024956
799542
311244
4515650
7564955
3533253
5831770
3482022
1339959
3921340
2761623
8037136
825251
8622970
7882735
2291087
5382784
5775011
7538879
9520253
6418279
4967791
4377755
5041571
8790765
9928795
2205949
4244203
2145075
1875753
1200562
829640
8781412
488352
2260166
8396096
538711
2848794
4120166
9918218
533449
6715259
9090912
113386
6057513
1912379
2044880
1986809
2316374
7840284
4118720
454397
7995068
6546484
6746702
2187593
8887833
6003932
2656373
2300201
2698697
222725
9348306
5385097
7062297
9004754
9386479
8790349
1197786
2959307
7702568
3358192
5679612
3806825
987151
2073770
6622254
1282295
3902488
988170
2537572
7994742
1258105
5916310
5571221
9198262
9874486
4837630
2072673
3216550
5461789
4660855
4616496
5991107
3659333
3196630
8115138
8020549
6677546
4913070
9561238
3780643
5174112
3697428
9194835
3970468
4387720
3073071
9047771
6636138
7594588
4761774
108143
5440943
4951458
3550807
5018656
1809974
9802109
6012046
5418720
4345393
8608479
7462375
4430204
9171894
6444242
4031974
9009344
2074837
9319713
4885100
6455476
4447177
4295064
3816381
8548772
2901282
6398847
3811700
4754313
1307977
2330279
1499771
1384397
3667457
2031973
1011655
1146164
2530705
9806313
2190103
3952806
7179800
2472789
9957314
599941
4935284
1485972
3697116
5029672
3242731
7989582
3279145
8128333
9784815
4463251
906129
6591173
6526888
6568245
9979594
5757938
4325328
737565
8634230
9165015
7030459
8461539
6610820
1431564
5768361
4473185
8051487
278905
5969471
5433576
1789896
4312367
441873
129970
9755779
8064508
6905312
7809599
6623119
6060882
450942
7894022
4751155
8922546
6195664
9606065
9229777
2272041
2920287
8222285
5623350
2509874
8950819
1807463
3426080
795305
8960274
8150168
8826305
667505
642765
7710678
5418972
8412506
8107831
4943587
7339092
1316911
3770907
5309834
8604892
1280268
9783586
6567754
4418898
7715705
1388139
4710717
91743
6302701
7337259
8630268
6859557
6095358
2445863
6313198
862048
8868914
9938851
9682158
1811844
2520429
9998857
3186850
7371730
7893508
4149707
565622
5117893
6000372
9155391
2358115
9394609
9937344
1847044
7627099
244723
1817517
7984029
3235209
4302299
3680808
1313249
648949
4202521
4148451
5803581
3022621
4352667
9504668
8737514
3555126
9868003
400944
4087757
1522256
9902614
6407330
1116719
9512131
7281050
5443928
3958466
416970
7659304
1071433
5064750
8749294
6857381
7628606
5435705
437876
9891155
9665651
3707105
5835261
9594476
1718569
6610827
3714884
267046
4384529
399948
9049137
2003058
3307883
3210322
3415749
7085521
3531300
181111
1929839
4670245
6252573
2847718
1490312
3498290
9882608
4195933
6874384
4366549
9937550
8256988
4088317
3263948
7808696
5599465
5069709
3349410
1330454
8423971
6334854
9479287
5370170
756695
9171848
6161652
1937397
2801999
7010483
1446264
6616670
9105718
9769064
3047903
7147099
9652129
3086004
3388124
6611274
8024843
7815449
8739722
540516
9289629
3710931
2074513
3954643
9837080
2017245
4614114
2104852
8981913
6323226
4321442
7278813
865583
1401643
923528
6735430
4295982
1488264
6267784
3287721
1069900
4247484
7263131
8017734
7238544
7852874
3732012
6186191
6515667
9927352
9390341
7824247
9342158
7312511
1825284
5979800
4917434
4811902
4757521
2654338
230371
4024288
3747921
3581745
5346441
2689445
8468505
5409264
9738389
6838686
2518390
4225213
4797465
9617000
8089125
6412486
4916547
7537129
2952176
9456364
9414084
1507513
8038035
2595830
3642788
9636708
8936561
3549096
5721334
2909155
8855831
1252563
3285003
1997845
4755554
3699913
532528
8478878
4770640
711603
1545220
9644518
9207025
6095052
9615660
9746348
820353
7580162
842536
1220589
5099934
9151828
4148698
5235829
4743337
129324
9993806
9333035
4820377
5790915
25959
7644725
5755097
2084271
2081119
1999966
6498373
8300561
4428326
7466638
6677440
1248448
5851554
8681766
443888
7778040
7381905
5162933
2556955
743280
7948021
2955089
7386350
8271744
8359690
1668494
7244721
1472368
7867053
6484323
7207174
4748887
387995
5300486
7701855
3782081
596433
1764147
2598918
2329468
206695
1701321
2532407
6185636
6903478
5106324
2254397
6573256
4771392
4693429
5937792
90449
4856231
2779192
7253538
157886
9307956
3954963
5119441
8240318
2868870
6844550
1118614
8286075
8448187
3551033
3036524
3562833
197141
2560211
3764639
8582311
5300528
3926483
7637725
9687058
1515233
9833813
8840554
1623400
7184366
2192254
1625447
386680
7114231
604185
8149911
3420444
1104990
4763827
5740972
7222230
9187283
1035136
3420315
4250323
4910605
2812912
5940244
6468918
9139290
3609602
5887083
6442797
9404724
6214577
3098084
851383
6875056
5199704
4695835
1435784
6484039
5417682
8969296
9966689
6696285
1200525
7460987
8129884
5274417
7109606
7674469
4492038
437100
8155474
9550668
4097545
5386262
1723152
6061042
9965720
6790268
622347
8373019
9585629
275902
7963461
1742872
9304984
9444057
3152478
8383292
4518371
3494600
4162611
7550010
650219
8520135
1830260
6724090
4685170
8017167
9932733
1621391
2094121
7047315
3573011
4093843
9391525
798826
4382894
9853442
9046706
9350836
411596
7433159
2413696
2143152
9760342
4499633
3469213
6981982
5754478
9007236
8525253
8544667
3974759
2873864
8098668
7764229
7517851
3887222
3215707
6380628
8914340
5576374
6956645
7520677
2743483
8057597
2065701
7470104
6999094
98967
6524957
4776319
4286947
2170337
4292405
8372758
2161879
1206675
7381147
5708196
9406346
2167451
8408305
9718016
5458626
9544903
4451158
328087
3049695
7259224
1776380
3310495
1104642
9018190
121088
4898184
3171221
8153547
7402627
4107886
9745450
3234986
3008882
8397886
2368979
1552256
6308236
1395001
6302737
1793896
4060869
3668226
6283664
2165167
847909
9413620
3428486
4377025
3137801
2872977
6822200
6972217
1498465
9694940
5067755
6588035
728950
4907632
701827
5118083
8136686
6244521
111081
8920583
3253088
7655776
5509256
1061197
3589739
6165442
8284916
2777584
3208926
1771998
1971057
4038837
8062957
8427904
1871583
5704297
5149305
5112887
2997627
6212045
7917079
3928676
6589389
1820909
5317491
8173301
6082764
7907681
1312735
9029359
2357418
8559095
6380538
6808229
20787
7531440
5082028
3789191
328136
569996
7834790
1003268
1453735
1604185
5760434
9777217
3654819
8870046
8964041
6296682
5516664
199200
7226823
6577084
5420758
1627000
5118431
232551
8875237
9453026
2489690
792093
5297445
9227844
6296367
954479
4235995
1470327
5289920
4403034
7754966
8419615
3833270
2805148
4676921
2704021
8478412
3869506
7614396
4052332
5955204
8511747
2787107
7693356
657829
1726673
6937925
895509
4566237
2797367
4188937
6197995
3346269
2503891
8159845
6987933
1649438
5308207
7264804
7625104
8403801
4856521
291038
4764605
8618243
2752804
1207191
8199401
5351462
8103878
7007139
2613177
3346255
5900373
6974261
7857395
4122644
1379273
6958644
9389200
7714428
100038
2562188
7484138
8397844
9858691
7441781
778019
4955745
6621311
4551404
1513216
1771665
1237268
8356023
7295648
9623229
2939282
5353281
2043614
7193775
3885051
5150324
84342
9555933
5966967
3839465
3108022
9460300
9711948
1219902
423480
5291806
5095748
7327599
8333424
5098717
3060481
9495511
3463203
7853130
6170567
2723207
4937528
615781
2081212
1276817
2943772
7549144
5801256
998636
2538679
4713924
4104384
3752327
1844769
7802268
163922
5957431
1006092
6082601
685493
2104607
5122354
5053485
2621925
3793850
8499661
8107806
4540558
2644160
8924141
8265722
8222646
9484526
3482045
8219436
9851375
6048477
7098238
6733882
8560990
7710621
7079817
1792193
1552611
3624244
3851577
4889643
4078593
1533759
3086013
4262510
873408
3753667
8842639
8319780
5377909
807198
909181
1844594
8319687
6981985
8348099
3260407
7035944
2995245
6178350
5889644
5752667
6891559
8761830
1294550
5055680
7217339
4744590
7553205
1431221
3924610
202129
242090
4536547
4015853
7762299
5081315
9548526
6613162
549819
8933788
2719472
1716262
6327201
8216849
2517590
8445264
2880954
3615471
3977452
4233755
2558317
6051261
7169535
2211378
905724
6542675
5575468
4397360
4268693
840152
3546259
1469614
3752913
141593
5307370
8042116
4860235
1309877
1544701
1687243
9331676
5153300
6984197
4116400
6670478
8318197
4085922
8772093
3389619
72101
8834620
7849968
1217731
3438490
3232318
2831611
6633592
770824
9622618
5862004
2865080
2719145
3262311
4517616
5424018
787795
2373579
9231923
9696705
1605223
6872903
7664084
8693951
9197148
4270891
7304667
3475594
5961595
5998520
2110447
3531916
9839014
6893090
8858147
5351143
5298788
1720359
7330542
7023383
1547804
2616610
1018581
7917854
1423664
6721961
6716918
9062127
4609352
4509918
1411747
3612754
86207
7731798
5103100
1966164
5315138
2754282
2212814
3965476
2767611
1772654
2605047
6374950
8781812
6618107
2439345
3549671
3021594
160532
2949246
3684480
515131
1329629
8033971
6644270
9855991
9680265
7655714
9538609
7135080
1023779
5472476
8028444
9452682
2870516
4208283
987133
8195551
1231724
2458059
1276455
7525357
6324438
8181778
8728456
8738989
4605789
7353824
4447241
7892314
2006391
3119341
4010785
1156455
2505046
568969
5941045
2159611
7327958
5340460
7258003
7214460
5312740
4286221
3724026
2795194
6001581
6379479
2869943
3302999
6680558
7054836
412576
5110595
8131518
6858975
1877426
7445143
9589042
1184325
1107617
8464279
50141
5613310
4469603
3898900
7885575
6072781
550023
6422014
7147598
9300265
7038389
322580
9033547
6812542
2707581
5801535
2550379
2742921
883128
4200325
10757
1056309
549325
3786772
2520779
5080157
7087575
1134914
9556674
6424490
3644016
1699127
4136775
9076637
6477725
6533910
1465816
1168404
3874761
9189502
3275034
9277954
503799
8492414
9647687
9231490
1190468
8931370
9200913
2983231
4926441
8469486
1797670
9154274
4936094
4990254
7088823
8746060
4144317
8451069
5878994
9504623
3807511
8026945
7380152
1059009
9876839
6350931
4542915
9805540
3823440
767544
4667691
7520209
6022785
2413518
5842725
8056355
897476
433992
575991
5801826
408535
2061632
5606768
1662842
3078915
9309691
3930919
8293002
1595843
3378955
5132718
9412225
3743573
7881718
2845126
3552600
4437105
4862801
800388
6625200
7945913
1676695
6956086
1116404
6226917
5007762
9781073
4603686
604421
9833002
5042714
2625620
4324397
7552999
1966576
3816716
1679710
7793186
3935227
1210246
4852019
6011019
7207203
7478711
6238776
6618737
8134010
6601856
1598443
5858190
4983059
3528880
2583697
8628293
2214420
8660530
4648590
4157437
3215035
1610074
76044
6980068
744653
573199
1467070
7127674
1185876
391300
8238410
3141025
5218105
4205379
5970967
97372
199847
1719897
2529039
99389
1691797
269048
5996244
2706074
5900484
8681102
3648170
4084095
8929729
6688449
5520207
306468
7610040
8664277
6988655
4942449
9913401
8575819
6238349
9393484
6719665
7022156
2549549
9804951
3668898
7542145
4622497
2785663
2168362
2087445
9265070
9676589
736661
8271090
3541730
6865796
7572387
3889804
2892707
5905346
6321055
8215991
5008656
2482387
9066163
8678197
5565604
2402149
3416420
1724143
6875766
5601729
6659946
2903109
7845288
5052115
6790652
2164260
3277349
3828212
4673648
4156935
9119524
3139169
1409347
4666005
609971
3798073
4636602
550838
1992908
4516578
9681907
1017061
9155805
7800926
6884459
3346568
4700396
8470949
7062817
5213358
2357301
3909621
4409893
5167406
581891
9016871
8000155
7794970
9433477
8307442
1109303
4348492
8463186
3867198
8318283
823829
8209849
8979467
9370844
5403626
6619220
7986586
459022
1617468
2867208
1613481
3790196
3359285
6915713
6039006
3990633
5257090
4076190
6279932
6384170
6672714
297272
1068497
3810684
6615888
702067
4186231
991900
1131827
3762429
984663
4604398
2364326
4987019
7543087
910626
3412945
684830
8717482
7140475
3747738
9337063
9573652
4726774
8654865
4035901
5509172
997502
6370790
1204209
732965
857028
4743096
9459465
153255
742110
2038471
4765873
6030801
1813252
4858791
853889
2150032
4530487
1180353
6286360
984184
8628903
3055253
5708405
6364480
2702155
2101408
9324414
9406578
1200238
403777
4265424
80487
7253155
9688184
2771982
7231486
1299011
2848724
6462314
4011555
4598365
888041
7651478
16005
9459480
2119639
2869760
3153312
119454
9931156
8634541
417051
2621855
6599854
4349601
7923594
1701352
6394751
5897888
4050803
5147464
9522314
4475235
3721841
6049983
9058679
5465259
2586186
5298977
3193184
6549415
1170710
9099793
9949668
4610063
1553998
3141687
957015
2730706
6498547
2069674
5229472
4100957
1572270
6446811
3758033
3727399
5517960
780747
8365616
4810780
7407817
6244281
2010944
898156
5036831
2277556
2091500
5560597
3438730
1267926
1636392
7584113
8590356
2621364
9799099
1433742
2632696
3956152
1235319
562311
6801761
5520578
4925251
4471713
8141914
6960656
416376
7960859
3784263
6112539
1244517
6298722
9327091
4165581
4682
5114500
8050778
6898135
9744605
8113605
1152287
7910365
388819
1457430
8527620
6534999
673345
13431
9731523
3646019
3375249
7138632
3086059
3089741
4273149
1338165
5167872
5925216
3375383
2252279
9489178
3050537
6990365
6056606
937747
1388421
1754793
1370686
9040667
8552291
5018266
6103627
7563223
6042449
507829
2019475
996708
4923508
4327959
7823778
4428606
1069982
1108090
331547
4365590
5146508
3279034
2827208
5275009
3877736
3530299
3169744
8945171
9433816
1123142
1687168
9440769
4558804
4996586
5689109
7721375
939783
6864182
6549493
4079451
7875264
2956468
1726153
9154352
8696619
5635687
6474676
3422224
3820320
9773780
9487697
140407
5185328
3680235
3271533
4594240
9070191
6382590
6265793
3859644
4442478
3410167
7409525
9039145
5052791
7232019
5742431
4871866
2527429
2257529
2981824
59774
6587137
6931952
8186290
5617144
6237385
7414375
9769712
2381981
3563643
4574278
9497912
5889208
6390206
2897412
9533620
1444457
3999272
2342251
7688911
8076436
3552583
2100572
9848362
1283225
4319400
518643
1812770
9242928
5138755
2223710
1642865
4423876
2724148
6636179
3990739
9914899
2639997
4809439
2178072
5164136
4047299
6861537
5750065
8489904
5215821
4387241
942703
8459087
1524493
1104483
561178
8433685
990804
399887
3470533
1499108
9759224
6060062
8914178
2118428
7789286
3758590
6343705
6935119
9909279
9829560
6407708
3832513
6928911
4818245
9464711
1075108
8208423
3606258
9643584
7998184
9650230
5618883
1911448
5441160
5814730
1210930
7208178
865774
5898297
4828776
6902017
7675884
3209996
2785712
2637200
2680637
5041903
5425374
264158
5654323
4376526
4443222
6662632
5425793
3752137
359105
8411059
5502518
8281590
3510776
4129026
6239427
7599732
1499600
6698035
986766
4669170
4417282
2160572
5037094
155300
3407861
7074717
6235584
7310749
886120
1907554
1540409
5417530
6988103
7209097
3225798
150345
2519968
2279083
5977011
751768
1715747
4156765
4990399
7295021
6323065
1331239
9550301
7343299
5483486
5006056
22420
3923533
3372406
9012154
2996446
1535812
1013273
2894612
9143407
5613043
6766512
3175016
3577678
4142410
8125715
8950317
5837518
8078657
3591306
4297216
7209967
5583906
9866573
484035
4958467
5976624
5605673
9610833
6644888
7796473
352930
7153215
3111059
7508549
9712918
1265471
3751551
2031119
8597111
8392419
8656054
6355807
4146692
6496202
8069945
6721699
9824318
7026600
9038895
216735
2345370
9609128
6000570
5734243
6847342
1648307
3364698
5197425
3208210
3674839
9152115
6079258
5645789
5189509
5118736
450046
3330283
6615406
4786597
7673889
1725581
6521985
9850355
4823826
7677100
4261284
30391
3112883
6548058
3849320
9961752
4916058
1343260
5037890
3165511
9863622
7158445
7903883
5886825
4281233
2493854
5501077
7687150
9777108
5603508
3685594
1607224
8095521
3550929
7915904
8061309
6786671
1479614
4380957
5049925
3181595
1462628
6621686
3650770
3034210
3444579
2502629
2825308
3527987
5542951
171615
9810000
6029639
6718552
8724453
5357294
8979422
3993533
9239444
4446987
9496222
7489451
291754
8007883
3228277
7143321
894553
5042985
674066
6797950
1470091
2288930
3147684
8058385
1768638
8821829
27985
9949303
8340107
4537887
8380668
4266931
9149732
8901936
9881626
4007183
2042329
5702753
8352536
4427323
4117982
7658017
3401067
8657936
5368144
9360628
2330645
8912625
21482
8875989
9182843
6509174
9716921
2712672
1721586
7409638
8893030
4511814
4895906
766583
7545724
2340446
8620958
6913814
4560434
8724072
5914011
6736798
1157297
808647
3860682
4800208
3900413
1721596
1113634
8505109
1008115
2760244
3822714
5027998
9832691
8162689
9713351
9127915
6457616
5351720
2820855
7182233
9690084
2944163
2619912
7116566
4273590
2471018
2230883
5277311
7256942
144843
2033675
