28019
56293
34778
36096
94497
99188
29250
6406
78152
62530
73791
74421
15508
18099
5171
52931
2974
84469
73298
62879
74285
28447
93122
72458
88181
22107
4290
86956
49385
89238
37439
21303
21607
93642
28337
32285
72745
3622
17610
61110
25239
18151
3094
77795
3170
77080
4258
77331
83910
93599
70377
96236
14361
38931
6235
72827
11436
33061
89078
96560
30819
91307
68044
49033
51910
53446
96877
10626
16505
44801
66402
78558
13788
72911
71589
49339
12564
63578
60803
72622
77864
83568
79256
18129
63244
9971
11510
120
86068
82335
21866
50977
79473
67759
31416
16569
47963
70019
34662
5093
4766
61158
37952
89770
24199
34228
27819
5292
76861
72548
18673
33974
26107
79439
42558
91816
20641
93964
30744
63321
22248
98066
81518
50047
36769
8131
19659
89808
68677
66218
29587
14205
30805
98700
16747
58857
91564
22501
60876
10081
78559
16099
47917
35002
8658
35608
88146
35393
60107
20820
6338
12017
52440
60774
38617
82564
87900
37889
41774
62386
53674
52428
35958
16161
42419
4154
36505
80249
8493
40620
53372
20522
65028
24151
58393
87871
47432
26230
58049
13188
15900
40478
52817
47476
80442
84026
93913
66656
98404
46123
27695
86824
20765
45572
4527
90885
86409
91810
26137
68235
87322
44092
88431
23941
47735
36768
36868
37681
86576
19432
38200
41694
59302
26006
73770
40864
38591
50355
39687
29077
86752
69143
97204
4446
43661
39171
2491
50536
24394
48723
78885
59780
43215
20279
66217
20161
18003
14635
51743
61327
38489
35304
52933
83242
77559
21287
67529
69576
84954
8098
9228
55495
6429
22526
27338
87855
99158
9072
52840
61232
74969
5341
92142
11758
47514
70425
97348
82016
4091
1755
37577
4772
94973
62253
25680
17127
31853
66445
75939
38442
54285
2197
794
95806
53188
2436
91583
66390
67329
13685
59573
78224
30565
39673
39407
65819
63441
9042
86192
84348
37471
53014
88819
32209
13485
56008
3601
14131
78956
1239
26019
43266
1836
66574
49537
8733
5158
57131
51172
60945
39070
34503
86359
30563
98324
65285
99466
36754
45212
74739
14265
57928
12920
98029
65128
47040
73804
88597
98696
72278
51192
98528
23260
61059
43674
60608
13242
58052
44413
1169
67411
11108
18108
89623
67899
99439
23408
9970
2947
97561
92264
70851
70239
36379
46698
68680
4590
54714
87035
22627
24115
5224
4422
19601
20784
54224
14011
45814
32803
43415
76974
60434
28440
18721
24574
38276
96864
66507
32903
83972
92408
1388
17872
34687
235
41671
46766
57496
16509
28742
12636
45541
31702
55809
6116
10615
86586
83549
55250
64557
97742
30470
92851
31740
12301
60075
48793
77321
94089
72600
20629
20062
19416
27293
17622
24826
62887
19557
65010
35168
91540
80540
40148
19508
12783
98618
701
61281
10715
47188
23763
19265
65751
48853
14028
19003
4005
86796
49407
55313
51967
4893
73214
80339
84567
28420
17591
13669
34580
74995
33999
10270
55647
6662
56432
37407
95728
15455
97962
37501
54655
89392
86249
11782
52869
1051
96460
58947
18863
78386
68769
7713
74634
47987
95046
13823
96356
89378
18138
33344
43052
63280
56955
53660
62492
57817
3950
47428
53083
30188
72268
47240
51290
58430
54882
35724
51149
58622
85515
6192
24679
89631
83969
9568
73402
18201
32258
83364
53361
24349
6351
85893
39280
82928
84293
45705
9543
45245
19730
73017
38747
17353
4738
33673
90918
73180
16325
61170
68007
47025
18130
88416
59595
96201
84883
47557
55130
98851
61613
78034
3962
65608
29626
20204
59880
32168
24517
5645
16361
5444
97417
13713
14886
28768
6727
37465
96403
47549
78074
89288
78476
13790
678
98374
56440
53065
15888
40915
16874
73798
29273
59686
90839
89167
24276
50216
36442
93324
43370
77566
6890
89769
13414
78396
73903
7659
43839
91787
41142
77586
87224
64721
12664
74963
37185
6199
3538
71653
77030
25984
62153
94446
57271
51200
31023
39208
50195
83600
97562
13692
25052
51501
35030
34761
9378
88111
70575
2077
64143
66685
90572
59925
26639
53717
67757
14466
36319
20258
75867
72700
71504
35443
78168
78407
78107
47786
18048
78265
63026
2054
19273
66854
18019
96231
58186
80552
88054
22970
86753
20457
16218
65273
38560
16372
72616
13794
29524
57595
4058
90982
72879
39347
31915
59548
71768
92000
81186
86065
2886
31349
36113
47689
68930
33602
15384
56340
94619
90113
93708
3443
5593
24319
10618
63045
74360
84900
14677
75114
55719
4887
83217
71588
7790
53242
97837
45399
91731
67807
28010
14722
60891
46915
76763
30168
89689
8775
90844
6234
63699
68515
40905
73701
47336
55269
78905
55374
34353
14427
63306
5767
34316
22402
53734
86220
66697
5786
61484
63300
83531
47573
17765
418
92740
34293
27666
77529
26412
85234
87936
51960
60142
34035
26512
55530
2962
34297
87238
35683
31355
39933
82049
57446
41015
27830
9
4041
4396
9434
61641
53377
92152
86396
43013
33671
60314
95928
521
46760
16329
72672
80418
97469
24168
51186
76543
41262
62187
18416
87290
7404
51421
36590
33995
53371
73692
29981
56086
24468
29628
2710
40461
92703
96655
22901
4789
56283
72249
61788
8649
62392
9126
95402
6988
23808
76007
73026
52048
77943
74594
79389
4900
28265
74880
79497
11722
48882
38467
38410
33077
96704
85857
26596
7603
13681
8416
18786
93757
479
58784
67298
45423
15680
95137
89140
22850
30200
59876
18817
24096
92993
83296
57147
98264
1329
48138
31431
48901
78132
87208
90612
46100
12193
76315
62336
76083
91309
12613
34333
75561
38545
51442
347
15612
81250
33496
4454
15239
47262
98172
38303
10190
79636
45251
19722
84631
62830
30686
95296
15311
58663
37765
65755
63210
97482
59962
17918
32572
70001
23143
42702
47728
99656
42436
75923
95656
55899
78375
9138
80662
45506
74296
79592
45799
79481
82855
84416
72668
25544
80594
49794
97105
98649
99790
88751
71137
44904
38162
5973
40487
82299
64404
14512
40352
22741
85287
95512
77609
97414
36034
1488
10187
34140
39437
64935
1730
41039
17607
44568
90710
404
18762
28267
88951
58108
80604
53938
74265
59329
67714
15070
49437
49425
10473
2160
60576
66328
28960
44716
16865
39930
37166
11641
19919
33598
74019
412
83776
75643
34097
50453
62298
28244
22899
35939
30431
42101
38023
11095
46294
13686
44599
20631
59959
57784
32807
12710
49220
56342
59014
50336
17378
29337
25593
75575
73443
16396
34173
27156
13082
81017
84487
74455
42804
70253
77266
64505
66983
18562
41406
30792
93308
76049
67508
4871
68541
22544
67248
69197
80746
34630
51480
74346
30269
10753
8432
28806
43844
84456
9415
72456
61244
55164
49880
90056
63131
44085
17007
17058
97639
90865
28780
60299
79693
56
30632
80139
19909
26134
67779
94058
44481
83084
76703
80608
76584
50682
37795
39808
34183
98426
48082
35532
9296
80575
65539
66060
78401
5279
49319
11909
18123
74588
68230
84243
91014
9666
71900
77312
2847
24581
82921
40306
12420
2807
15509
63241
93292
26147
68490
36416
39202
91871
33483
76793
20543
91973
91840
17805
90159
13952
56027
59480
95662
71537
61192
69743
30300
16701
5824
22689
59282
53908
57530
74958
15930
33994
24841
53210
88928
52225
47540
35387
74631
20251
90762
35342
27234
41912
89970
49227
5053
22574
43998
25312
91094
92021
1526
35897
27421
46753
37454
82622
27310
13998
24772
61123
17590
33941
70031
45985
53754
26784
98122
48976
60481
66171
50110
7480
87848
30911
44983
15045
70850
3429
31424
44478
55367
27230
7106
23596
10769
61294
71036
45179
11812
68655
35344
12593
45272
6185
40927
38587
18100
24012
97442
94759
51880
41422
47487
46962
42664
68202
22646
37055
76539
61927
71923
22249
31134
20380
33891
44956
664
49091
51945
5747
44311
87562
56462
48704
22511
27161
70648
39227
64229
28850
80153
47118
33474
29382
27718
51176
90831
32891
78225
46399
58547
39501
83403
28544
76595
60550
85077
44963
98645
2162
49221
81825
75805
45358
50518
89509
19602
56247
66293
42332
31248
5899
20115
42848
37127
40073
37031
8475
57750
74569
96837
91978
11770
19612
94975
2998
25552
97786
3729
96270
16540
67625
50433
78612
13920
79532
34943
64528
31368
17829
11712
69141
71854
65218
41843
89358
83038
27078
83817
28691
83805
86246
97746
72646
363
43571
73710
89248
60896
19154
3606
5712
68313
8053
31418
83816
70565
41441
45235
1415
6718
38979
46682
4450
52171
27770
39900
83559
33101
48874
85789
61983
55483
22173
11621
40365
64173
83562
63598
21550
5300
24274
13918
73775
98011
89744
50620
44900
41150
98928
27305
59250
98785
65418
82781
94641
71685
89678
98446
90853
75157
78009
47593
68186
11832
17062
31435
69633
6019
40525
82860
58849
19054
34997
47127
97812
30010
10021
73084
90653
66855
7323
21731
17424
41059
17436
85203
51665
60388
40785
99490
27255
35075
79258
3877
16244
63534
10492
10111
30516
4448
13208
34619
17517
82030
74474
48632
82510
57840
37234
6414
16710
69337
41375
37337
30311
52722
32060
67542
84383
95652
70528
93221
84643
33343
18128
27633
83381
81219
23384
72636
93290
26550
4845
76811
80963
45479
80063
98386
75206
57723
3068
82379
83609
45630
1908
19225
6228
99622
92636
45194
53636
53910
81837
91263
45085
84780
72821
57508
66935
43738
71563
99769
62658
95548
4213
47527
56939
4952
6372
61206
73410
46337
3134
63030
74209
55626
45434
4035
23964
92243
95102
93223
22854
2831
4644
42546
19371
17884
27174
53989
79304
9733
45372
86820
67560
4344
24963
57573
75131
78658
52381
10837
16647
13095
93424
85192
45532
87168
29842
21939
80853
10579
72038
82419
11110
5317
18594
83591
11620
36799
86522
4747
74858
9075
5
95910
5042
99922
90930
51099
38870
98439
11882
40091
61447
29425
93972
39573
92976
60776
83133
10671
82538
11489
60629
39794
7926
21564
12755
913
59622
83035
93135
58250
43153
84835
79493
13944
60783
11563
98752
39858
64332
56954
12412
3139
57169
2561
58758
50165
593
49606
10469
43586
15950
85458
38765
60282
33937
34425
94666
62111
6788
97981
69188
13596
63933
54146
24519
55416
21123
44210
44081
3121
31228
85178
97615
69894
40137
48473
99529
54109
73859
46722
86252
44710
14550
82362
99459
58596
48522
22462
52082
33881
45756
8491
26094
18684
70997
3366
31453
35817
29242
17667
81426
57903
60250
74350
84628
89994
39520
93986
27368
21374
8604
32688
79191
95604
35916
47676
72218
27782
50739
69589
69168
81846
19608
57219
62752
93632
55704
38427
18024
82664
89025
14933
14104
80770
83062
92548
1725
58922
94326
91825
65126
65422
970
14139
75945
40775
54850
35583
16526
3650
67121
40603
92761
9754
20005
19537
18412
9896
61352
74934
49580
47281
90044
59391
70062
4332
59754
60500
53830
31163
27884
95106
89663
16968
70595
78508
38320
40499
37579
93852
69480
85738
36865
83188
96470
52194
87407
4765
97900
95329
51614
21756
19370
48740
48840
30667
9278
2556
38875
30318
47287
92103
82056
96917
72919
20018
8218
13846
91234
47083
8536
91721
49433
3158
57776
53637
54663
75472
4704
19243
55801
92126
76409
96323
11332
20675
87473
4592
69868
16967
22431
24173
32607
59217
59865
54780
24463
1210
4531
60269
10466
67339
53136
87313
47815
78527
7342
89244
91967
94258
40311
53425
91953
18090
54220
83536
60404
55635
57966
29774
45219
27129
58398
3626
52345
64434
53806
19046
91281
79552
42974
79996
83273
25207
64687
91609
33697
97026
30810
80551
9851
31382
94294
76946
28703
99248
8415
91419
80307
46821
63008
58961
67300
52594
83824
37339
37216
28
12588
91595
13767
36874
25251
16786
75399
93569
70030
75286
90180
38844
99242
26497
971
18497
85588
40910
51498
30286
42554
5283
47947
28194
50372
3895
15890
22848
2384
68881
99177
50492
95963
32475
70209
93493
56792
51023
26286
69342
57429
77424
5857
57794
52415
77783
328
45628
14683
77738
2334
60383
66128
96866
49841
97858
69562
97289
19296
46041
34378
59304
89590
27414
39822
65290
36659
92019
21120
28914
84057
10085
71303
22821
60242
5172
89892
34851
30672
78217
83117
69099
11027
6709
25621
7837
63536
32109
22365
50792
20757
87091
28339
82131
27748
25284
55682
82312
29426
62677
16837
64655
81226
45162
72628
87188
99507
55265
50485
15017
13296
37919
20084
69251
52096
85574
40891
34605
35950
25641
19699
15337
56478
50180
84393
98086
53785
37691
45104
38385
37413
64423
27057
25365
50807
44674
46586
18394
63018
11017
94633
41186
74824
72209
76474
81714
46408
41156
62480
71630
6041
50075
8269
67035
96192
76028
87015
25011
35437
8056
98794
34387
52043
45318
67185
20280
76975
30768
62224
63894
89483
92260
19988
50204
27575
33186
67425
19560
24689
36049
46578
49377
84816
74505
92954
97652
45419
56186
67211
99773
97086
87606
36850
16773
36048
48798
23978
49383
5373
2053
64972
46882
92144
79027
39276
59086
18901
70045
32493
45416
39170
20158
57513
25135
87885
84208
8942
489
35230
12819
39172
58717
21890
80712
8523
10666
67594
34536
58373
88752
85827
74948
62787
20065
76878
11141
73404
32706
23288
3213
93170
92633
44685
31234
38732
73823
29281
661
56800
60989
79091
26817
51382
65280
1697
51726
52988
65093
31171
63606
11129
60585
19082
6164
37661
20146
69010
33895
30390
22092
66833
63025
15916
80165
87202
21627
25764
28299
71954
927
43697
73254
37911
76120
67884
641
6360
65109
7762
53479
79752
65431
64894
90912
90298
56913
6383
32423
181
2347
71602
72733
48065
62797
71743
60938
32011
4012
18600
93482
4938
9393
775
27865
37716
98879
59459
12512
50522
49487
89179
16124
66426
29153
59890
34340
20658
28034
16409
76324
49844
63274
46133
36508
87519
75233
37742
30296
93620
96055
49083
3454
96833
48617
9260
1744
39326
49887
27893
19928
76211
77601
74866
62090
2241
50979
76769
42037
57614
58079
87123
45940
62511
93088
34391
25807
86378
41136
97269
19019
18501
25712
74707
42122
27898
28350
97456
51093
98769
18249
56481
34784
68422
19323
23483
89495
48210
5104
90430
9885
95056
23432
43331
98347
55286
83075
38633
97425
74849
50854
89555
16441
73576
42520
20550
38076
68597
79030
2136
28306
96742
44628
64744
67726
85594
40524
58203
25852
20057
14331
75935
47978
57119
99186
5908
13981
70479
6960
40667
3090
42645
8456
73812
1963
47378
16961
12611
85391
49583
8841
48089
24227
19116
20217
56563
59414
34804
79766
31658
30960
67923
32780
77120
25018
14200
58931
40593
70587
86282
43026
4534
26717
73132
73423
5540
73317
14532
70888
76012
51748
84978
73239
41326
99131
25124
75727
54298
48730
22164
70498
64069
57431
52021
18016
71069
21398
82075
79508
6071
95498
57980
92155
45558
11168
46813
30541
14375
12532
25287
11524
16712
99092
69048
6167
35824
2328
30399
45616
57480
47812
40900
16005
89280
70128
87018
40139
42135
77531
29395
29729
16443
68566
96254
29264
79055
68786
83485
51444
41926
25153
24233
29279
51542
71383
79179
15530
33149
71334
46707
49174
80529
69697
80248
15754
81471
96574
48404
7079
57208
38683
66312
96805
39506
61538
52197
20003
13819
74990
42951
35261
47278
99667
32214
24405
19185
15894
58115
38929
84466
45355
58199
4088
66385
94659
1414
47347
80648
25742
82325
30512
32253
87601
43389
63011
66222
14314
11188
41924
54844
2741
17585
76652
5252
99201
26419
26911
2338
48851
52885
39197
40009
31614
979
7112
11414
82097
25457
79029
61124
48708
76385
28833
52145
34923
24024
13453
42283
38417
32795
60827
98665
63248
84545
64057
91552
89780
7229
25556
58025
32359
70456
22342
51226
18189
98371
20007
78699
7759
62600
40315
65255
12132
24044
61129
6579
56784
45919
33645
83247
76821
6469
26061
13605
93693
51214
76339
60788
16385
70832
3979
34833
28159
66799
63674
81982
12096
93177
56834
79381
88520
12240
88241
67784
1174
17021
5075
38354
92553
26163
44875
50152
31823
94839
81138
43007
22134
40848
15999
98178
38269
68115
50305
11046
15240
99193
32694
53584
39463
94571
73389
45646
31621
67365
74427
11941
78506
4860
78023
90099
45518
20000
3230
3753
17445
85407
54667
1137
33749
98058
92500
49408
85838
71493
31888
26414
27471
68635
86739
87890
8625
95974
44059
97931
49333
81016
47663
53099
71879
6597
36488
17710
88102
28091
31364
5532
66851
5333
21238
37095
12460
34995
10751
60588
71456
88901
37105
40581
1895
84008
75106
72037
78627
57612
71942
81838
43716
91616
36526
54871
88407
92571
55745
30641
23021
21119
86537
52371
99481
34209
51006
34980
49884
71802
1007
69425
17382
40837
14505
20532
64372
86982
44573
63429
75948
2035
61251
31202
32786
2781
16875
11727
92996
16298
21963
72644
92447
33560
53708
29968
7275
26900
62750
57854
90440
54032
51712
65719
36507
45641
86932
54819
85545
49720
10207
49225
57652
44724
76044
40441
5019
65581
54834
8914
16226
61929
14254
20165
22163
50073
24979
95539
54675
24418
66118
37137
68592
1352
63354
90557
38918
28171
85746
98285
23954
94135
26713
19922
51402
95622
64264
92251
7963
52742
59678
12261
35560
83605
65380
79199
5161
8577
81613
55981
95513
92374
35972
44821
73604
94814
39994
18534
87904
37160
49154
93419
35282
77083
79602
18354
61870
61517
47657
83877
20595
42847
10029
52100
51470
54907
67769
28377
75001
63732
9049
18143
47850
45664
46454
51302
68341
75567
70035
43855
53825
48100
19539
28231
32641
81366
63881
57291
49118
9403
86036
16721
12541
39216
48150
17799
8235
48306
71868
52959
89046
58786
52712
63939
27720
65954
1683
98507
71259
3405
76855
39943
66282
32120
160
60794
41545
53852
18152
7225
37293
82422
60717
71725
89963
43200
82116
39707
11554
5088
87589
41449
25283
19984
82229
69275
90415
83918
83482
91178
44342
94319
90673
43653
99560
29301
72533
12685
46861
20362
94628
83598
52599
36092
45647
10835
10054
60037
40122
75558
11389
96175
59408
44553
70808
97053
99665
32013
5481
49670
72899
31789
74392
24654
81845
21719
49298
98782
55845
18555
25447
89938
12187
36683
16607
95620
3866
92433
95581
62399
1607
11724
15286
87887
3763
43343
19952
39515
6057
54030
8112
14758
93799
34840
81463
15464
25409
18855
43314
29665
82593
8923
20088
67514
57883
7544
43865
27775
66338
12444
54073
66865
55041
25475
10026
4314
42192
75425
16352
69923
79784
26877
57135
31504
43134
85272
62012
91523
93000
22352
78696
8165
90532
66628
5516
94532
2744
27462
5865
13278
37056
85499
17506
30092
23760
55320
25297
49521
99428
59135
88011
59356
43712
70192
57810
58448
91510
36817
2076
91086
66437
35380
13759
69505
92350
38070
8308
97189
73550
42145
47327
76332
74581
26351
30866
36734
41941
83768
45353
35795
58386
4433
14387
65242
61961
92424
7600
34781
98686
46144
67138
44749
37288
11390
37891
49503
68693
56266
18029
77368
47415
52406
75897
1396
35149
27040
19682
43763
90607
23535
35263
61174
54545
1975
2564
69627
77230
94558
69878
33584
93421
57224
1528
33134
22509
11545
96790
28941
12037
89015
45132
37278
16365
85434
11144
98617
72498
19624
83348
12655
99863
46988
15908
55988
55932
65776
49636
57915
44364
37211
43337
38826
58649
57611
90727
20571
70614
19015
12540
64814
65494
86064
26682
18111
9243
86138
62232
85996
93158
844
11695
6180
18527
62018
33730
61285
15
1785
90602
17225
15863
9902
31161
92702
81750
81151
94176
50538
96139
37950
49021
72362
20411
47511
67233
75804
62965
39363
11180
67049
33950
73879
20313
26069
23405
77722
58493
96759
43885
2626
56136
58159
45238
62278
92151
17460
79554
16426
93413
89106
27466
58192
61712
34966
91858
78283
75027
16714
57222
4336
41124
40003
68099
74487
50835
89721
92904
73964
8975
21798
84771
81873
47844
603
90080
36039
23067
29127
93895
11310
9280
60689
16578
65668
91002
67511
87471
5842
99792
51507
29597
73387
45922
50871
19162
20317
67327
14456
56216
51221
51050
38208
1332
76103
59709
37289
60740
8789
41656
98222
91167
87859
69828
29037
32695
69994
1146
96909
17963
19695
56656
22816
70909
32325
49249
66948
15977
64438
40132
95411
65397
72751
27952
92669
12674
10816
95321
78757
4542
8033
55247
38969
49850
20676
34791
56352
23902
96973
57165
74257
33868
42934
83139
56962
54001
60793
24004
50850
22247
92959
78771
67198
36631
4709
75321
90626
35547
56735
52072
71892
62045
38396
71281
58604
11592
83270
43749
79468
41575
54213
90124
50452
66537
19863
88967
30152
40008
78040
49654
35
31542
84187
75765
61004
45746
38708
4511
2397
77968
74110
60019
65375
79173
79841
97474
90664
28365
13126
62783
29363
13175
42719
10416
15730
7362
4444
62871
1819
22442
56244
7695
92628
14324
75218
21690
18489
53314
49933
8188
35148
85404
15688
54467
52449
52041
14513
88915
48193
60548
55695
98748
36226
37596
69424
49184
34169
48363
32234
58433
300
44363
25441
44339
87658
88466
66554
55290
60096
6914
39499
55318
99913
86609
29385
67215
99797
71905
6557
96966
87676
4782
15355
66686
31666
88869
93004
97044
88830
36283
69482
78836
30490
95839
95752
14974
53344
69953
11067
57296
83379
26339
70476
57101
43286
68262
21416
20286
16672
1178
71196
85156
32879
30059
21044
18110
98387
67770
43160
5918
46511
51335
32696
58538
94905
58672
47234
83615
70201
84386
16429
30539
31627
17846
80898
68648
9367
75230
25928
69811
78747
13297
67309
47137
38275
73976
92670
74966
12634
39153
76484
36129
95601
8690
96425
44943
71978
3016
47682
69161
33931
84109
73611
7090
23779
23265
24516
29126
90633
52017
20073
64248
91409
88083
46098
37583
14190
24923
5012
44884
38296
83472
63336
99527
83534
74740
10022
40120
88807
95916
42347
66977
59992
58449
6115
58687
155
80723
51927
35028
99782
34366
33965
23527
95418
31988
47120
15093
61007
27274
94909
56082
67869
15324
30211
93485
62961
10386
42141
44727
70389
97416
96325
53642
15234
46295
42515
5758
46423
24109
69613
83811
63522
46560
94247
10365
24819
17564
41570
10253
64104
2740
48301
517
14706
68418
86226
28485
754
22169
14175
40979
78020
27576
77361
20051
96522
12319
75226
27803
96737
53865
31566
57440
61619
91941
10891
8853
86891
319
97140
72952
74231
82673
95637
57536
53207
84004
16237
21968
70819
74021
81584
51022
51350
85180
86044
304
21567
61839
66693
3486
25628
87662
10513
55836
47699
57476
30747
93971
36786
47835
62827
71391
7598
82038
36170
4095
24010
52366
61443
74791
62661
73140
97899
87353
45273
33027
67375
28515
63017
70580
33089
1523
77092
91365
21001
93612
82841
21832
65674
40840
27450
16215
92357
58670
97507
7493
8543
6399
24570
91157
67846
62603
90988
43619
57950
71355
43255
78347
14414
63006
90655
48639
38837
95896
27709
86297
40872
63337
35196
78459
34305
75245
51351
23673
98840
44231
87443
65137
60157
24873
26933
16915
76086
14762
91181
53461
41935
50163
28925
80177
70198
38227
21447
94169
20579
49998
60405
53025
89393
4195
19647
43186
78847
5033
76155
17503
74204
1436
54795
50993
86939
57324
62020
18697
8092
45166
3557
33221
52165
94624
45345
62315
47794
60044
28673
73987
18243
42762
90932
64926
76472
99881
82701
67965
66777
22846
89660
76347
58801
41916
12941
50011
31325
40622
26837
59238
34792
49749
1452
17131
79094
31334
54796
49657
93636
55129
80416
86350
84011
72854
2301
94292
61917
55504
9273
83288
71926
44235
55609
17641
77762
56336
80384
77162
68745
21901
66299
93681
26569
94344
8313
58683
22416
21004
7678
85189
29206
22435
67617
55538
57427
85928
31073
99682
49902
47770
69111
90186
2189
41056
55162
9274
43946
46013
70724
19350
13116
48744
39265
42895
6333
19542
44317
7653
77524
67468
57499
13584
56269
147
74822
4964
96936
64726
15797
83299
63652
81508
89108
12618
2097
59976
8439
54249
52877
86897
21245
84005
15274
99635
63093
81935
37554
57079
21308
30483
36135
50736
11848
21957
30331
22010
98727
66919
28073
99887
87508
81591
52569
82120
14251
36312
31380
84414
4299
64737
81117
51225
53093
47510
3233
45091
75368
85225
96272
18364
6592
25884
30089
66621
68616
40739
56997
75437
45939
987
8664
98018
82280
77451
71825
81652
50655
13922
39948
46690
96269
81076
73605
75265
13117
94491
37921
42957
29841
26521
99471
13890
7576
68917
88585
64150
4817
49223
41607
66582
66967
75831
82083
95946
60166
97828
71212
78736
53163
26437
12765
53120
12059
464
36678
66800
13670
65030
1026
75000
35120
65811
87667
17947
54641
43717
7256
17299
57625
4525
93690
16217
39359
90519
64111
87364
55379
50239
54649
83243
16929
45487
50590
82146
7344
49112
91985
22759
36005
2642
58974
39167
16737
10449
74129
29213
56101
50816
54884
41963
46505
68951
76574
91969
55987
17635
52565
46900
12775
25035
80432
8473
79858
79917
42398
67813
7093
14143
39897
85533
51492
63944
70686
83617
21763
11458
67002
65517
84305
2448
86021
6516
61092
15425
85820
67694
2999
18310
72108
79718
70673
73096
51231
40114
71788
93957
39775
72564
86864
74579
47970
13238
40422
10150
80323
24264
40508
24481
57853
61910
35855
20342
90491
78908
15494
42496
65260
31612
38885
29377
12366
15194
12904
50310
57711
85112
37878
22276
28039
36310
13012
36926
79513
99222
69471
1
59826
65461
31127
49070
51144
17319
62234
32629
16870
40663
65580
58303
62579
91729
19139
16154
49516
19298
46270
53762
19880
89156
61566
63709
4355
64304
94591
64022
72507
55597
46268
34628
12789
75454
43829
68017
1645
33236
95701
8436
98707
77825
87281
44601
21006
98041
74405
87378
82067
69152
71214
22308
18896
84137
12166
92396
62200
23682
68512
87516
55513
21871
13282
42307
6045
45907
65203
2134
70852
75811
69572
94073
26920
21847
2919
85604
90609
2568
83268
89779
54640
38796
20123
46885
83585
87260
30432
54750
88359
86023
79443
79007
81732
74002
88856
55181
83936
57795
49788
81045
144
8891
87268
63937
57638
99064
92214
61962
73235
41810
74582
14128
14249
25243
74650
50540
10973
39723
45457
25677
11202
70579
74218
93278
53383
8709
87829
31551
254
20564
81785
81283
11387
49920
11874
23209
16299
69363
46077
44687
89264
37437
26611
77764
29098
66362
2423
92248
42618
77934
42442
82588
42740
86764
52807
25057
94311
63207
84676
36229
52370
10932
54423
3101
5337
57765
37678
35439
46826
13375
13954
80435
50691
87189
52367
42507
7260
22499
12530
81090
58740
48201
89163
76610
68077
21738
550
53845
22775
40503
61928
92516
76676
93581
88947
7709
22333
81887
8897
14062
79002
26834
51617
3740
79742
10557
19099
95451
89659
61425
79650
40239
60268
79960
75630
80748
65837
24822
91612
40583
63185
24917
40189
93092
29138
35417
11902
47062
69508
40984
84688
91362
43806
53913
89876
83931
43643
76813
48026
18336
79253
4598
32206
79585
54970
38206
22715
3696
82933
36219
51500
47187
72635
36767
14470
25995
72007
836
12965
46839
75434
57409
95174
7438
58903
51416
50420
97717
71958
37320
69680
13622
51305
26221
89909
2218
43602
15932
45614
85839
35389
51250
8863
41102
16427
92099
89355
22137
71332
29231
71679
76331
77236
77773
84420
19800
97731
92006
52435
50196
18269
15517
11802
95654
83371
51661
45721
77247
15074
34133
53181
7939
35266
47268
48196
13153
22560
4228
88423
55799
33463
19655
67341
9252
59777
32718
4994
10981
22888
16759
44016
55685
49117
10401
90303
5381
98659
663
82782
61623
37256
55579
17203
64412
70487
15051
49022
62557
66317
51364
4457
83100
63824
65660
54152
5870
5864
39875
68241
97573
40843
64299
18409
87045
73837
90613
81265
40933
84560
22086
16635
27762
48752
94190
76244
68039
18004
26600
70160
93169
98320
39797
87534
86110
15594
58045
52611
98623
11126
8911
44164
80849
5590
34104
83136
82595
81948
78421
74186
17034
10414
66058
83973
31594
84292
55461
50208
47584
28812
84627
73196
97439
14551
32902
17240
86998
60143
52867
29115
34083
17207
72824
90627
31996
84144
21
1674
96501
96485
44698
573
48285
5037
43547
97057
49213
83187
78487
90826
12992
71844
14627
70390
83846
35580
65664
26149
64380
43127
48429
83042
68842
33586
50849
69055
55915
92928
67785
56378
90794
92675
9869
51958
24465
19813
2651
3135
65005
60424
5509
52411
61919
69344
96802
64517
94938
1071
1520
87852
72660
70260
65374
55617
16533
2217
4049
75280
55806
49681
96313
13320
60791
26542
89615
38756
46865
36150
53056
1559
53324
42038
86779
65060
35112
54399
10431
67924
32470
33362
89608
87099
6032
34197
7045
41532
46329
33545
17294
90960
6473
57555
10396
24761
10619
4903
99561
52157
46485
9398
97510
51544
97307
52833
33213
6546
78822
65711
81308
62660
40881
59066
71940
19018
58560
92335
53756
33748
62378
7784
16221
11077
53256
29487
36626
27868
94346
70843
31208
82251
47597
53247
97491
86708
74607
31834
23001
80563
47867
50576
90480
48535
1357
99305
30230
50508
4347
50838
20840
45773
69408
97809
54017
35806
40398
17576
44957
19635
20722
57753
37648
46257
37724
75836
43735
11466
11837
42521
31985
54453
11271
40512
672
88658
85772
92179
39241
87193
7791
55077
61274
28208
92094
9759
26832
96185
8647
86648
69360
40467
99932
63731
69912
81290
69100
8250
31791
4135
13859
32107
42493
54165
2961
72527
21987
40801
38110
47522
70411
81255
94263
46365
99547
9525
8295
90682
90788
83222
63282
52758
82552
834
96475
74108
718
4752
60981
98807
11947
52365
85536
91701
23171
47515
49584
90165
86877
14713
49309
9706
49825
47552
19837
9797
38745
26760
78969
50358
27117
57239
59975
19918
47534
14632
85369
5647
69522
30205
48769
11551
95016
78073
72793
18752
79082
30621
58499
96943
86373
88729
8922
31670
10019
36382
74205
17484
18355
65245
85800
37726
59961
33433
84105
82741
79894
5134
54556
44152
93810
67247
858
36643
13341
94748
43700
51497
27396
96572
88867
50698
44430
25737
95313
3070
18567
67314
21276
23628
22783
15336
49843
52653
93856
4609
27657
55347
1131
26824
80447
77367
11711
87649
55783
89730
82693
18569
59670
9351
26239
50151
76045
76040
87926
93960
59346
22161
80358
9099
81930
81119
60509
81091
26304
73161
39891
63072
71389
90942
21809
55387
76709
72233
74010
37258
12488
7605
16980
93165
82290
10087
83587
66645
35739
19826
1134
61109
13712
20718
10676
12679
26403
59829
22423
76455
95691
56928
39205
57836
14332
67682
61939
26035
3782
20182
90352
51133
76207
58435
36445
36533
9486
95066
75960
94013
39142
1203
68547
72365
63510
55963
4291
71787
27953
48795
67522
81992
27375
4767
57818
11691
65256
90139
98465
91285
68751
6710
34807
99509
2938
33274
6725
89852
75465
13237
26806
43
79058
46081
19844
42849
32570
68756
80368
35074
23069
46375
97699
60665
66399
46553
81447
5614
92241
13189
90715
96751
72902
85089
98136
93844
33678
42359
90676
61688
74931
32324
67287
10983
93475
1088
94661
96032
78033
77712
7303
18429
92575
41216
6911
2492
85214
74700
71660
45261
71434
87675
31041
16843
31434
74314
70415
7388
40535
60748
4607
7398
11181
34626
11935
30690
60160
30729
11980
61035
437
88666
14965
72237
84493
82680
35295
88771
76382
533
13483
23444
65490
52109
56945
26841
63053
95087
790
97422
57543
8279
5124
59320
5774
76280
99628
59369
38113
25040
50976
23642
57280
56904
46976
88368
53581
99292
87398
84541
7959
30469
52727
81577
34146
51205
69332
79798
83355
66252
65469
2826
29311
63572
96333
4447
39356
35799
44180
53328
84171
2499
32347
12778
4509
23165
22091
88150
47899
30592
70774
69652
98227
76213
33583
38041
23787
17686
32356
62824
88842
31597
2875
85622
24007
94146
33929
14837
42406
68564
84201
62083
88728
18427
80793
48028
33209
6756
33590
85973
44425
30982
35767
48499
66389
63865
86988
11249
68391
79965
35884
69475
11212
54
25389
35955
85128
45546
73527
7620
84947
55276
61782
38847
8606
56415
89253
55924
17854
80386
34184
64533
92057
49604
17684
15982
84470
19494
56446
12073
46843
58400
21483
41428
50063
82261
12934
13148
8884
40944
66667
26334
17886
89935
20815
33000
98331
39503
60676
91672
63033
26115
33394
4879
27115
76367
56645
15715
35930
22621
22311
42302
51459
57606
17832
26607
84967
89874
59163
78417
11677
7464
8713
5335
50284
91400
64728
72356
32171
59680
8391
8428
40257
46237
86612
67275
15777
83820
49498
49637
60605
83020
95099
98602
44169
93935
99802
75856
53837
52233
19029
99614
11617
17922
51951
9963
79750
31194
11613
12046
70086
18062
7114
32296
37990
35109
56019
19461
89815
64973
37188
75422
5622
90365
6074
82844
2459
45861
18647
20104
9800
56167
10400
72166
31815
20484
78792
89529
77245
65749
31800
69757
11227
49378
27761
27378
4705
89442
90152
68014
3378
89990
86925
25863
48828
17818
95735
15633
2596
22919
11564
82394
59840
46670
69081
31084
89991
1856
96741
18795
88249
7932
9873
36175
77483
91412
72755
1338
8770
93743
68074
15968
19126
298
29863
23063
25211
39079
12508
40553
50843
78602
93134
7216
68400
78743
8925
46998
94010
89519
80247
4313
47814
68172
21137
28815
48413
98514
44489
89395
73409
44205
37290
17497
87061
95958
530
28481
22601
24295
47748
58260
66374
83578
39708
48635
24934
48955
75716
31812
55805
44646
15936
81601
97393
8772
43730
60746
48553
99866
34714
78109
81183
65194
78513
41031
71145
81538
31636
46047
96128
41520
21347
64995
82107
50982
51943
54550
60369
33449
25722
8272
56141
25295
18857
65002
99618
20843
6135
63420
32424
86907
92224
29372
73684
82899
24082
67574
85577
37905
23232
7192
96682
10989
27914
6550
37949
57866
28359
30987
77098
2619
17315
4233
63599
48419
56267
35066
42228
38839
33345
37762
97203
63209
14381
77280
46635
59931
59046
65451
87607
3162
4087
45988
68176
44305
25358
87765
87397
55723
37392
29243
38284
61227
24163
26912
29794
26721
83497
57318
63404
65727
92531
9115
82614
89103
42063
83454
65244
91754
76175
61296
53673
50701
33760
8042
82571
80449
93676
54200
84931
64575
67708
48898
30052
45764
19087
78216
31705
90331
95015
39826
79202
80939
77696
56881
96250
37089
51981
82154
99896
76290
19661
56550
41309
33480
91921
30562
73554
61779
91241
80025
93486
50263
47967
88542
54321
29539
31780
87490
51568
70183
7651
8632
25975
81259
51275
72078
88634
95762
60927
16864
70309
84916
1380
74066
32962
16741
65959
10923
63069
8794
17274
2587
78365
62933
95557
4308
34254
27645
94383
41106
2188
98819
70969
10925
13940
51662
70750
83406
67481
47655
33499
28309
70416
68032
26572
56425
12590
49821
48518
17133
36119
10940
28484
51462
14303
31177
57897
1565
48189
21013
17512
14619
44032
68289
43307
1336
50437
40609
85990
86793
15270
97278
35124
85535
85812
27585
98060
46609
52443
29725
70477
23550
15075
32016
87937
45775
6946
74927
93334
90250
79426
59893
40270
51294
13561
31766
18713
42531
76597
99103
473
12056
73321
48101
75239
7957
45254
17703
25093
47901
3073
35599
12264
42519
84399
4281
81819
45863
56392
98242
82880
43411
70099
95834
12502
38573
37076
46191
18037
28360
45631
96335
2060
1815
20856
73051
92961
70967
25517
84634
43413
38474
6385
40470
40876
39465
11978
58996
63313
90424
48361
28197
6321
5363
62896
65987
6941
65481
712
94087
67841
14918
87008
71117
53145
9960
37397
77376
32500
48053
52792
79783
90989
11972
93811
33459
1992
50112
62975
75020
70856
63283
50658
92743
6109
37591
25300
92520
35873
43943
23820
16430
18686
45269
49392
1981
83237
27991
14730
72871
68509
2238
71702
15695
5617
28767
18146
41334
44490
10792
70771
72447
12182
62592
72344
63556
70718
78167
18858
93214
9693
34206
84306
38999
80531
12844
41444
15696
78579
90433
27716
64813
50066
95432
46842
20700
23568
26781
6159
85651
14650
54457
42477
76443
12833
63225
27490
48644
45411
80293
47142
88875
91636
90239
23569
75334
68781
39325
68165
54651
91156
47266
4055
96916
37224
21807
96117
2749
77008
87070
97426
82582
91586
89877
2553
19503
439
26606
10460
54270
46706
44580
81019
92273
67960
83712
4279
21643
17856
97531
6587
18115
92624
69609
33002
36276
75299
12851
6098
71393
31374
77330
20614
87995
35096
79154
5396
86583
67166
3457
5772
4758
4685
88238
78723
35319
10307
37032
44138
70311
586
65361
35407
37302
5179
89680
69678
88909
89919
14429
35701
55951
29513
5538
66892
53495
99109
2309
87781
99396
38423
58880
20677
64239
63991
84142
51010
35867
32522
43859
21275
94370
96190
92234
87342
63231
57114
35451
49186
10409
78992
24160
85312
16855
34653
60565
55849
9261
88151
4849
25291
35285
38040
27335
36940
88382
52593
3651
26353
46577
31698
52786
82377
12406
38846
43187
45990
39742
83649
7240
27788
74467
90869
56107
43840
66497
9169
88858
6831
49931
82489
45199
555
42459
31560
38148
65286
41128
52969
87242
88894
31257
82248
23447
11627
10504
72592
88215
98481
29321
72621
77088
47509
49930
2282
17222
90438
17443
8340
89399
23573
16542
7634
32866
40071
56628
57237
4244
46703
32184
62235
9181
82416
76445
68314
56317
95817
60490
66989
66235
19215
4270
10015
31369
42282
19102
33182
88880
3015
42639
40154
36355
85269
3627
67934
46607
55214
31436
33457
57234
24
77350
95416
87066
65509
23291
9362
65908
11440
80505
50432
58289
4316
91831
65568
98233
11047
92124
38797
60669
67601
31437
18491
37958
27844
38181
18193
46831
64263
21602
20728
30049
90374
87330
46659
28629
18984
51465
17004
95288
19438
66822
24693
81156
87273
74540
40789
61200
69927
31901
71752
93217
8537
15787
92201
7314
10834
19327
23134
16283
99845
54312
77533
26153
49625
17000
82897
63817
80628
19406
69588
55209
67718
63913
94523
51096
82161
79242
96049
42722
4439
50601
38514
3219
68492
82160
7888
88437
57355
67307
83982
33711
61
60646
78745
56795
86917
43086
37371
12190
99045
87499
57016
35207
83428
93814
34888
21280
15667
65698
57821
33561
45531
36572
2377
48811
72837
31825
51983
86033
98901
87434
5542
47037
4321
34159
53404
49781
69641
53803
85887
12581
73568
45620
1318
67537
41382
72389
69772
57576
61397
48359
57669
64958
83645
69727
84806
75401
16942
81793
5233
69611
56650
54295
4483
69418
66003
85039
18174
9785
66094
85456
68634
60625
96106
98485
879
61396
59488
34865
16620
29577
93625
81253
57455
48299
65266
716
673
22031
2830
39647
9337
60997
13388
44089
95585
71896
68813
56976
74968
16827
35659
3708
74509
17899
14458
38909
79770
50167
14025
40705
46306
43001
37444
94672
95389
61894
44664
20105
1303
48137
13199
18187
88912
71127
24211
40002
4544
35854
40468
13408
69385
13984
42630
2455
47329
27343
38810
2840
34870
65732
26779
48706
83690
63902
89756
28645
8759
63617
13613
1428
92450
66278
22141
55846
57904
67687
60392
88347
72064
39270
66624
84982
35406
95690
43758
20745
41514
70693
82441
4930
41889
11977
66169
92010
45296
95949
42638
39851
5436
44368
58764
93834
27130
81981
38820
91230
21505
4147
15760
67065
1947
50966
69653
22624
21960
54144
72663
66086
10352
15827
48727
23142
50674
91692
82621
71346
70691
5964
88884
10353
22755
59946
41606
99257
15644
85270
7103
39472
61477
15660
50702
63673
37416
14838
41995
47409
19274
23023
37018
53672
30940
36348
31138
50125
98531
39914
74788
53042
8311
47042
65541
53041
76127
3984
91240
91421
29023
27413
56697
22542
84261
2298
25126
28657
32731
6070
6524
33641
76454
66839
41394
17705
10927
17317
75433
94290
9698
81777
41319
50115
59341
38604
46904
32935
40098
76199
86916
85303
17231
4920
38863
17669
19854
43219
65888
94301
39737
94757
71628
86147
97986
14861
33882
60207
20615
32458
16629
69863
37829
59969
90321
88403
23020
10948
25654
56339
87918
19066
30528
12330
36987
76529
95668
96285
14920
46636
81318
41756
30610
84408
44820
18626
25571
95850
13538
21794
73189
83902
92767
35542
24291
56852
12157
31715
35631
16363
49151
73652
84426
80779
86655
62097
20332
23532
93206
7429
24384
71991
61316
48807
5082
74343
87843
82267
42314
49374
14960
2950
63432
45477
8460
15177
69827
14938
37938
21429
2193
84433
77935
72271
5392
81858
10300
45417
95210
28784
17826
66079
94991
28422
5931
95776
41618
62819
14300
33978
60804
67650
13497
35373
32222
67308
72786
32028
39938
11776
70254
19718
52251
28973
35175
11092
32098
90712
97114
94918
17541
71189
45550
90662
82534
23789
40716
8967
90103
38848
2769
98843
45783
77662
10656
81357
82892
29906
19860
1926
57443
62408
22139
48421
51929
43563
36866
77748
86081
81171
48613
49163
43223
24977
62801
45821
34286
16873
11750
27917
64851
56504
45982
82760
67156
78507
28697
61287
18369
49417
28655
35375
72217
99567
50019
22675
80212
19839
32678
83441
92609
94836
51894
64328
23281
7481
5942
57649
52257
64992
28637
58648
74759
42941
7668
10049
16537
63776
77113
57910
90684
56312
32679
74697
60931
26706
80253
4122
65603
1000
3959
68113
92320
92887
29670
91024
66931
78136
40946
2862
90778
52996
53245
5987
18729
56343
68793
69289
67241
24030
79345
30245
41804
40684
28704
17215
69345
76071
32608
95597
67416
94289
47507
12025
31764
50822
30502
81678
14999
88900
68533
69731
46556
86274
92700
78194
75459
50361
16589
19572
41468
91517
58987
62999
70501
73874
65261
58823
74355
85291
31579
33119
87820
30838
44505
14751
5431
26751
56119
15632
14270
33923
75138
8099
54830
16466
5659
77395
20187
7795
46163
28401
95
48606
54192
74151
42922
34563
46519
10613
13945
14039
6302
26559
25424
19999
24555
37955
28677
98100
37776
26040
72072
30379
42732
79879
27124
56571
83369
75021
1678
9334
55345
97363
18712
33836
4749
83226
63157
93235
76690
8894
39295
53601
56803
68201
14056
76475
52388
95017
55916
41265
96556
78634
27994
83154
77196
11086
46664
2487
33945
13898
27933
56465
17486
92919
24971
80138
66104
6354
83334
4037
61548
25577
29036
43667
20420
71904
4595
66998
25495
37463
11573
55550
10271
50308
57314
91875
84884
2639
17167
88374
59899
6549
85207
80970
80182
32777
25851
77140
69124
16220
70388
73032
95107
89513
61262
74587
1817
90376
56740
25157
52839
38680
28868
61607
4354
54018
52507
86656
85283
53687
63601
79115
49756
44201
68554
42654
70359
20652
60436
12785
23640
92890
6729
56598
81647
35744
16799
96667
28070
55999
43949
8089
16268
51260
50946
46256
80131
37614
83789
62510
25484
50583
64825
25765
86880
15831
17913
49603
76765
36750
74200
84354
37247
46064
38815
48184
65915
89528
41524
22458
46001
79961
99491
34211
92501
51395
58641
66572
43451
68479
30433
15451
99393
86142
75562
51959
41732
65215
60832
14964
20892
59839
70784
78387
69973
80051
36008
69789
42494
56128
18950
45520
94401
420
88877
54803
96849
75872
74825
29924
39907
80117
37148
95629
96265
53921
63773
55744
62929
91165
78448
24102
13513
57531
36169
215
94710
88917
91233
82121
82976
28918
53530
49722
55914
48127
88483
14211
44477
73260
22874
5556
45740
27172
95530
20036
21441
14834
84030
14460
37514
24411
89032
79928
9479
4413
34231
11550
74556
59809
62858
3196
36591
62233
58496
30329
61348
30909
66888
3999
71970
65677
63224
29573
51812
22240
17617
92073
66647
31995
45557
87198
10053
53901
79557
65880
74648
43669
19403
13664
53240
90986
44581
39968
74730
83466
53966
35257
91479
90251
33629
83500
56254
93143
34869
75183
75078
58729
24534
71522
85947
79008
83697
83293
17936
15549
73379
94148
95977
30773
64348
45760
70561
36741
94362
38014
49376
3460
17005
56448
78410
68531
94027
73628
48044
46516
20196
35142
35278
56243
73269
43449
65614
41368
28226
10475
77491
76735
73589
35275
23959
2166
1359
48457
77336
61736
6750
62483
16975
2086
9321
19058
31875
27322
57828
16035
23934
18552
18655
27960
22921
81698
74480
32456
66176
69499
13680
44684
26441
46331
35397
88607
13591
58833
89257
98073
22345
94454
35179
7510
53387
78626
98201
83467
97183
11875
97485
63761
62611
8297
16723
88404
64731
3777
72069
84488
46981
26925
41982
85834
87739
57011
92436
35584
96926
47637
38230
58117
10345
18547
88627
6562
78281
62746
26875
94993
81834
2706
80843
80203
50533
6934
93723
16287
28162
23741
58445
45867
31240
45075
73028
53903
30901
12388
73676
20210
42070
86567
32634
75621
21270
51024
75363
77085
98629
8973
84797
51857
46621
71969
5609
75396
78
92380
6362
83991
84764
84834
73264
64591
55116
78853
44888
78230
43118
3731
56775
28343
95889
62636
45697
65745
50221
78320
958
82397
1254
50722
90125
79547
91860
98236
16897
77664
16302
76193
21984
22695
82411
86126
10697
55319
50563
71012
36110
49166
53639
7619
63377
86605
88053
55275
653
13855
87921
86401
49143
4080
10240
82485
27297
87148
36637
63240
35054
41193
78517
24588
73073
49852
46291
31725
93161
67038
61291
88803
73079
26687
40106
44837
29430
42532
58948
54166
24571
10858
78208
15087
81093
79435
83881
98865
35459
35666
13750
23055
9345
48416
70438
31618
10041
57565
33892
48995
70314
95894
8800
91955
67274
50154
3133
82732
47945
89130
16770
58010
7058
77668
62784
51938
12466
88226
62718
2106
53787
43590
51979
61067
54511
18050
35134
15129
55940
13144
80941
23346
12562
54386
49848
6301
99347
38941
37398
36619
66723
50014
58183
80390
43890
71134
23332
65276
87234
83978
49881
4293
63717
42821
27259
89506
68372
52821
73784
65757
95242
30236
76001
2046
55668
94115
31282
43976
37974
65020
34434
26384
17442
41338
45471
56137
50009
12726
73197
2573
89296
35754
26908
84191
72590
771
54022
55573
74022
37205
62915
82698
6017
35998
85119
85056
28774
89670
56077
91128
40981
3462
95060
73349
30105
64237
91569
4934
87375
25181
31530
54259
66407
69524
96852
93155
46994
89875
79500
924
77807
52659
40809
18895
55271
67866
84607
60990
99994
64041
44188
42272
5257
46370
25428
31889
43628
45377
1830
53096
21497
91459
5032
65423
74642
81648
90132
7223
36018
73427
13389
35498
28388
54283
23234
10262
70766
41220
7787
68298
46950
18466
62675
34027
12183
40924
67829
86027
57083
25733
63002
29922
28389
53045
79356
22266
84112
49480
25171
79861
22871
3934
13709
80759
30873
35300
18074
61734
22275
15136
60962
83783
3869
75216
39378
85916
69306
46720
90742
69952
92107
96517
66744
28134
58712
48430
73376
46481
60833
24886
42057
66966
10979
60308
68940
9823
51078
73519
5306
22633
61365
40683
13723
70859
25363
23229
95473
65387
78113
65302
44060
93438
9178
68900
8211
63309
17405
13161
75510
95126
41466
36267
80315
41396
51005
18560
64399
81695
16764
59922
57697
21183
25155
51684
7739
8329
74815
55340
15193
79480
61746
67976
72437
73878
98062
5152
70952
46248
44025
17983
31220
68463
91404
54735
63562
25333
32822
91598
15637
41956
67161
704
23624
79065
8927
88581
84343
2873
89218
65299
33265
47159
91359
85985
25635
61169
84749
80567
33866
66801
74717
91936
35558
6930
14347
79669
14736
94642
76346
55572
51521
49114
78646
92579
58276
65800
22338
88756
14126
27712
92785
69272
12298
60393
53677
63696
89134
58121
29053
31385
87969
25037
74386
72028
68820
94789
5022
53364
31326
32429
74841
92872
86766
12830
88629
39566
49601
63112
96295
70875
44995
35758
35009
20514
47915
51881
58780
71218
51972
57193
39959
79277
16270
46099
37532
2122
71381
54574
80464
42566
17701
30128
20566
82509
26669
29343
52491
91363
53481
1723
7870
76046
89160
46524
14899
87747
42776
88498
42110
16160
11083
28400
89308
64590
18235
71855
88165
47937
59869
49577
5924
64637
87483
64704
81335
17036
64373
33478
16453
63983
92467
92992
23914
67544
68991
25059
50991
60824
94567
29544
88389
26820
28590
12860
60478
67087
54361
38263
97938
17970
56163
9316
55468
16007
6872
84644
14145
38351
62489
50805
6758
706
19008
62121
7423
28005
63382
94215
13838
45968
93288
15599
21444
78794
51759
37173
95726
71556
96171
73660
1643
18071
74454
944
49587
69965
7228
20395
12876
8880
78993
7265
22512
21209
16040
11988
43444
50633
33585
58197
45006
18435
49401
19279
71613
41918
19231
1614
99806
10127
40045
59040
89712
6776
52983
5228
36362
86555
82722
83393
73078
39670
62448
12140
93624
45579
67991
40733
60330
88050
86061
1030
48894
26532
36327
13834
73341
98809
40828
13190
66891
83925
21697
99010
60840
15547
96279
83207
36438
95933
92710
32905
32123
35719
55277
93550
79121
26494
86747
43930
73564
92957
87010
29563
93341
65087
18252
93100
54279
72963
83452
93005
16584
41157
69579
28256
43222
70092
93948
3246
70193
21182
32251
9678
18365
17789
13279
8479
42812
66601
15071
67821
38240
83940
42461
54561
28251
24188
31109
51804
9130
26916
37260
81456
70894
65084
9035
99476
90270
39813
59125
76807
53603
57255
12123
14530
32237
80960
43549
36241
77397
50928
73938
87237
80498
33368
5751
56970
33542
62484
53959
52824
11066
80644
76798
90973
40463
75010
29275
81635
43779
20334
48232
18820
39543
70440
65855
28942
29332
19738
60006
50634
11256
44915
58571
58105
45292
30186
7968
24497
26394
54519
96891
79905
8015
76724
41356
44393
41494
90623
81221
72972
99340
92112
85529
2457
39881
57084
57523
2265
81888
32121
86710
50149
24172
30634
8889
22916
77676
36877
70003
66459
12586
50278
89735
55535
40628
31981
51921
47130
19445
15104
90922
86789
54626
4706
55589
94570
15729
67321
89364
39793
56616
74926
47849
80052
28692
12207
57586
42944
85672
52643
85246
64097
66850
23561
23198
99225
3051
64515
99587
92318
49891
41183
72973
71687
59167
83261
97594
52363
5494
59124
69056
80856
92921
71881
84847
5781
87484
36675
55178
43278
54131
59410
77299
41506
66119
75829
78988
74831
65532
42844
21816
10564
48739
98905
75432
71220
64675
63695
66571
86717
80883
68621
4393
35044
88417
63462
3340
63021
17534
78867
30951
86743
41301
12631
85718
67688
79134
510
63990
27915
78155
41648
53876
13696
45998
33935
21662
6437
40033
21428
48728
31094
87982
61300
70813
76352
18580
67449
18011
32882
66826
19736
88216
47941
45591
11885
21745
63150
66813
93202
93313
64984
92453
30988
86151
91644
82301
22050
1042
41682
95904
11107
91356
51355
31758
81173
60188
42432
93351
48211
86574
9957
70005
1734
53441
92165
79079
32589
13149
2894
71874
32108
86191
67303
31882
17082
42977
2819
74335
93197
87694
82709
39373
78856
62625
82026
5103
68826
49630
49176
39773
66262
54547
39873
70895
74746
94168
70996
2078
31634
88160
92213
31279
41053
12323
71887
82041
35457
65628
58716
51025
4286
94432
77629
90915
11290
48060
78715
32536
53378
6140
28892
9358
8079
86433
98491
55831
49293
80054
27020
49740
1206
61362
38983
76960
17312
46063
51511
84056
54995
71712
70150
82865
82242
57696
5412
93385
29695
531
35306
18709
70748
29727
13748
8351
12925
6687
53596
52114
54825
81966
17420
72354
7117
7518
67152
21814
71240
35539
81058
45164
47206
28695
71632
14875
63252
6609
68836
97166
34426
539
1545
28281
37134
35991
40382
96505
83620
76900
9192
11007
62954
40688
39328
96413
60225
24667
5620
63102
38338
48582
64212
80221
93660
71564
37139
62888
77233
88971
99814
84850
58705
17147
84304
32573
70275
32050
3831
72853
90541
67204
35043
88055
74770
55122
30256
17412
89749
57123
14012
47232
93907
61264
38654
94363
66696
81129
85869
62838
12694
19866
52628
21263
90822
40857
24795
60719
17762
23358
43074
74922
84289
84995
41975
41312
19990
91954
9914
43335
68247
4815
31113
32985
23078
42964
21746
82279
93685
36885
21007
58206
78928
76154
97036
70839
33620
4097
4631
25315
49983
25449
19822
40144
27353
4364
6052
87240
76323
18398
1494
51992
95782
12303
21587
2254
91417
82296
15080
37271
42909
79446
5702
11608
64142
99626
9752
48797
60398
67015
78085
48086
39284
59710
1918
90862
14186
1132
52929
24524
96757
82642
90929
81270
39694
91631
32571
68180
25955
30573
66439
21827
9048
65142
79760
97115
76182
90803
74033
35216
75636
7629
94688
62220
80191
14088
46883
84148
76933
3936
61223
16718
5141
20653
76215
34876
28569
41327
98787
52614
27780
55884
76890
42384
99644
96651
53040
88669
18988
32716
13112
90267
43908
40051
11537
52534
85875
64558
13854
57627
17489
54982
12678
70979
98079
44666
36622
16797
12399
66590
28379
69564
64368
61790
54701
2215
4566
80324
39178
13399
80356
83426
23968
74954
97342
98147
22766
87718
63896
34895
86801
70961
68578
82119
37818
373
4649
95055
53763
31772
80997
12175
32041
51790
64207
19036
75966
92610
25316
59793
28656
94231
65921
85722
52353
67815
53331
68434
23998
31316
56594
43068
61134
97769
14358
6312
22099
88708
98038
45380
2861
42149
26201
81633
13813
91407
68976
56274
86051
49268
49394
21160
43819
85593
38949
35864
5321
12064
78831
24992
77037
2024
47397
70338
97864
84224
47912
96426
77873
67799
10752
6674
1735
83555
20363
34454
98628
52631
53862
48372
25367
41181
71772
45176
20403
74610
80993
58603
72150
58984
21207
58719
4257
86345
3476
68460
51848
41538
33940
95718
18207
67777
85837
18279
96748
89589
42970
37423
8597
17861
10203
23246
22938
49627
37481
55710
33440
34150
40501
91914
76634
79224
28648
34273
62608
71063
28341
15570
78580
25094
85333
23099
3501
67546
24709
45652
65797
63496
9289
13305
58213
95860
69675
60879
62722
20574
15417
52761
26433
62206
89564
8807
87621
96278
68785
45207
37700
85694
2547
1171
4000
96414
95395
75833
29759
26864
84050
62659
53409
33165
48771
66125
97021
76104
66840
67902
43338
65345
91663
74613
25079
44817
96997
29076
52499
67538
63980
90196
32722
93715
48191
91619
90529
33880
69854
48041
15843
51329
12872
35492
92205
72693
13928
26971
54061
11105
92167
14234
71908
42574
64253
74429
55575
53160
64352
70286
41803
45877
67491
2987
94669
42498
35159
30454
53148
13356
67446
98009
91313
17995
54169
84497
72466
86212
92454
90963
9962
29849
49981
32714
54026
84772
84344
96367
45902
99057
72329
60008
19061
7858
16785
43089
16222
37016
44251
24851
93570
85034
98418
80082
14095
72804
14341
76613
5755
75486
28324
96
23867
69127
29130
48761
59427
52313
34158
95587
25233
19101
29715
2337
54134
17496
14037
62905
30619
84212
9272
7765
82871
66577
23178
99799
15457
29923
46350
28896
76942
66448
14615
40276
32892
73887
60266
29101
72535
58958
58237
16793
75687
86521
23720
4730
77518
29361
4259
9987
84697
63311
62859
30991
67119
88153
61780
77761
13443
96408
68237
3511
36995
53750
95995
69770
10088
4543
83138
2746
77251
36161
72765
66676
26903
74272
69221
73381
47023
25893
63523
97465
90737
85427
13514
43463
80988
45924
39143
15639
50343
98343
86811
52733
4701
68443
95070
186
51831
82438
48864
18061
61796
78285
1860
58682
11061
13131
47969
97197
81880
81284
50106
17107
23989
69862
36432
53671
76907
68742
79260
80227
2772
88233
47876
37023
1784
10786
9149
24277
44831
43734
8118
59188
76395
81187
67071
45391
33406
56358
8982
12048
9870
32515
77695
11207
87804
32172
44289
51775
52752
49292
51338
64454
22391
27537
47280
63758
68678
26020
30422
42400
35791
44718
16188
19643
92108
94327
23383
5273
81192
90564
29541
6935
84357
27674
73875
25673
92515
22862
48819
95744
22734
20742
44827
43963
39429
19980
14106
88184
88272
27729
89499
31654
11222
90332
55752
82761
50267
69235
78266
61121
99796
9825
13343
23699
97733
13222
39385
3187
71812
1060
59132
31378
26289
90871
47649
77871
46986
71372
70763
17134
29316
83726
9182
83113
66518
51408
20888
2736
20835
11343
13733
39683
40317
89354
95755
78866
19835
10747
95480
93968
72847
26278
8688
21343
52117
99253
80932
66563
78976
42117
19381
72454
75039
52955
35377
49861
48983
45368
55996
49759
62175
6271
92625
43701
52633
49058
80504
37708
54469
63463
31341
82522
2463
10285
86581
68421
71049
23926
98765
47984
46215
68277
77384
59419
31028
34720
58272
68618
88049
55706
71999
19466
39340
73093
8608
27899
84504
32407
61405
29423
42948
87373
59182
42414
96915
39884
77318
87707
47914
40585
36927
5560
9091
8334
51478
613
58047
31155
91887
48181
48011
87579
42093
21411
73069
82961
833
49429
85560
90218
23973
83011
47138
29464
8646
49095
28952
17441
54724
83202
70184
63104
56724
18702
61955
45593
27607
47426
4954
65600
34607
52826
76814
72182
17279
49161
60749
93046
55541
46318
24965
18015
13456
86381
37276
13218
27623
36972
35248
62103
44623
1397
76787
36262
88674
26085
21955
89865
690
20248
88973
88507
50092
14946
37683
22012
60758
55555
88193
1333
5496
44419
79579
90098
23283
98237
24244
46806
8196
27167
17075
68287
84616
16432
60695
49717
79070
8426
12461
74590
18197
51522
80167
69902
67435
88568
50363
50869
12640
60068
58858
31020
3849
34762
46296
2428
52101
62890
5303
29333
4965
71945
70006
98710
36366
56479
5395
83889
96491
65146
12373
38880
19821
27776
29901
14864
62500
19605
79594
52842
99363
55488
5486
12191
46223
63552
74301
46428
3737
20736
34345
2159
14891
27467
92573
24789
10244
8595
1437
97955
15757
57770
39047
48402
2955
4679
68988
53819
16665
83766
10309
22697
43141
73221
47583
1972
74762
71481
76880
37999
57456
17346
45936
66131
28043
7311
37688
4294
76108
41753
97160
21715
75844
24161
85994
42238
69560
57335
58495
50605
98887
7867
14140
63271
44435
39599
86995
62258
93682
16499
19032
94193
87910
31844
27751
20505
84267
31250
85323
33747
25855
71011
78762
3806
80349
18000
30190
54493
38359
59240
99168
37090
87356
46381
27432
42078
38785
68863
99422
56773
56980
97386
53064
96081
99973
44076
5567
77681
7760
20078
19805
82918
57022
55403
53054
70830
39063
4950
82674
99979
56584
35225
22404
79265
37996
671
96293
87877
66464
23410
5443
862
6712
28778
81813
19856
71673
3774
38199
55395
71132
48548
38102
1495
98568
16512
27299
70824
50998
21864
80587
52716
46529
6558
37960
68801
45657
47629
54369
23022
86883
22636
17248
76079
3958
64155
12231
27521
75050
58255
21392
63703
91826
43362
87830
99251
39080
21660
45243
33973
50100
42725
44315
75373
40781
42687
36568
49497
71814
61505
90782
65466
71294
86606
40954
46665
37908
29514
34510
47827
12414
38736
78919
6021
41943
46974
34795
83679
72183
49496
90116
61642
20789
15056
88797
60035
36681
29141
19025
31657
22279
68972
57815
64223
42452
51222
12649
27049
37345
38221
52620
34055
72523
64168
90193
31133
86948
12919
13019
58356
56308
8581
73055
93728
62924
15237
63797
99216
75291
14024
63851
41480
9643
80290
99233
42340
40409
2307
31741
11281
10016
40569
1130
34884
59603
37204
63604
78943
77826
32675
73838
96851
18543
31420
2519
68236
59596
59920
79782
12908
28555
29320
1628
56052
64181
1216
82399
74143
1135
15453
73942
58572
57553
38259
7076
16748
5388
77723
16142
13191
97622
70995
27367
48142
66569
66085
8587
81014
48325
94950
46403
66745
8843
84677
63993
96439
86394
8170
70821
18093
11449
6977
76887
31502
56988
3533
19907
64379
73308
80497
6369
70971
47474
72418
32618
15655
10101
12018
5991
23850
25644
44257
93515
85902
22793
28889
75091
78344
79359
46550
34820
15307
28744
23657
21216
13471
73272
85652
44196
81260
71513
88086
7333
42177
62192
61495
38084
76791
90089
47931
23406
99886
87548
76216
45583
26915
63859
81424
53796
86692
7567
5817
35231
44936
42767
50562
72695
12116
78524
91545
95827
78642
78222
76824
92410
81621
90846
10221
81080
17964
22246
99167
11894
79219
98382
59683
45359
79236
40124
75175
401
89516
20052
36132
38850
70362
62026
89445
38316
38516
98784
72501
29150
61771
17337
94972
77471
76729
26812
33374
22323
62207
23896
48753
60013
2272
10638
1181
3938
69341
61610
73506
63057
42407
85903
73297
62058
96366
30579
39733
47895
44720
61321
60658
84792
819
25422
1875
86848
88400
45181
39727
78210
31962
49863
29478
75162
89455
31806
91982
86854
27482
89126
86823
84492
23484
8829
6790
1442
19193
25402
96907
87181
62686
6482
23538
53710
46369
64545
80105
22737
1035
76306
53326
43544
2702
38618
89747
38020
13402
67305
3384
95646
28676
58573
53604
12284
74936
57153
18657
42902
86203
6822
91408
76819
99903
73440
63213
41608
89065
6987
35947
5458
61395
93132
19752
35941
44398
336
50848
1546
40893
94218
38114
75418
16702
74351
94300
8414
91435
60386
13621
76245
85263
46050
27579
25128
43866
4703
8024
80310
98173
19363
38907
26889
50593
91056
29879
56402
69997
56730
22080
99578
73731
66358
2753
79143
3621
57592
22681
48010
40856
80176
71123
59533
76060
79566
82545
48376
13053
50298
3675
45035
56346
1869
35846
25066
75646
52854
35360
35526
23252
72088
52588
63423
64725
63636
41383
7072
29792
91741
51111
24268
26565
2854
15407
12761
78300
16660
4602
85578
51084
37576
88324
72194
53358
50865
86895
30847
25400
17466
15368
15238
66144
76548
73518
4169
64017
58765
87530
28722
4285
18829
20502
59759
60293
39714
64736
6568
21843
58343
42688
49829
74426
56732
44101
77197
47029
28130
82356
43996
97542
81805
58297
19675
72727
38743
25326
27768
31822
60878
86544
19613
51799
23918
90927
68446
72575
79969
94345
60046
57488
80560
24503
30421
25499
51843
30177
73422
38677
35083
66866
84067
23299
37
8497
17254
38775
19902
48154
76179
91374
26538
61112
85045
91822
22180
93596
35793
27470
65862
9013
50794
37244
74262
65155
90761
23441
44626
14434
21729
86441
58235
56936
31304
51966
27968
61343
43627
66446
20144
73703
26567
82094
95698
76078
41160
70683
1393
19785
93147
31238
59887
97292
10064
94276
76403
32454
25115
28958
6490
31920
14947
33397
72898
86261
94951
37783
58334
41152
60155
74308
35949
57941
68406
8430
59921
40084
18296
96665
64652
15607
30739
19555
25444
54226
37959
18462
69435
80087
38331
96596
50136
89531
36434
91599
8989
68941
26446
18859
54367
11787
65864
30202
33364
69723
445
7154
75755
33593
3263
57658
11800
80646
92651
66673
74290
28278
86181
26584
80229
8784
29441
65407
90049
58457
11133
20624
11051
72290
36306
53072
45407
16801
86055
2430
40479
75424
27577
70892
38469
36257
64444
61783
91286
68896
38077
516
49387
42753
64230
41254
9452
21701
36443
31933
10170
43870
57590
96423
65868
39594
96978
97536
39152
58149
12379
60295
56010
78326
92437
45817
79347
41294
8994
8928
89563
5840
39455
9348
68611
4856
59283
50885
26904
63345
15934
80102
34147
58110
19697
36882
11687
95707
49357
87480
74902
88023
55307
15984
14471
1348
53812
13078
43565
24656
21919
6212
64080
9392
8262
2836
15764
28316
55607
239
63778
74749
73532
75011
80236
62457
99734
66163
44472
20709
15953
57726
85954
23307
21990
848
54488
33235
9945
17064
37540
36598
1276
64616
28390
82241
72223
24224
78930
20329
29691
7026
53357
22385
52504
74549
91016
4512
51122
64683
26034
38291
73787
45454
51606
10303
28286
78953
78618
92861
19384
59902
87025
8881
74905
54589
56185
32584
48603
73030
77276
23108
35334
64594
96518
22066
43045
46989
55928
65385
61249
75640
12101
52977
10859
92798
39187
84638
18765
61568
53656
23942
97073
23284
60203
32845
34226
90823
66146
17662
74222
58769
86511
91617
25175
33969
6800
90382
84111
19938
52439
42992
38860
16138
39324
1878
58424
51811
25901
74908
14443
