735139
657964
744704
36154
681933
857919
386294
345255
156739
92870
347962
888659
86264
531949
928128
524647
624060
152404
88889
465281
967759
581293
630121
393258
901986
312632
774071
156848
275490
567642
372317
993822
648416
90510
532586
747241
932771
649279
234430
41208
240968
813787
106055
180641
917279
541787
486729
849560
759432
718765
509070
991308
929354
493612
204869
633184
486988
981347
719004
336821
398975
66141
738467
55704
706744
547942
481916
907936
887852
37997
100896
745304
865233
576784
829640
108143
599941
91743
565622
267046
181111
532528
847909
20787
840152
515131
459022
997502
80487
119454
780747
59774
27985
