90697753
10887020
86328733
86474306
21832884
51098956
7608429
11973269
69272768
22388508
40102681
43975701
35124297
97570504
74989544
97919064
95354466
88281467
7307531
13818342
69059179
62513230
64384646
38084790
52025758
81947172
54144538
8784149
15247699
64301491
19502122
36789531
84923134
58130197
77447448
58363564
47288145
57061941
87303439
57443015
4385987
93922594
74484115
73420768
36374994
48455022
84998244
85521357
57783043
60889574
83465728
24909933
49936347
53353826
25699178
50300694
65211504
9223702
80597354
92682810
82947623
15377057
8591648
24401272
60307357
88864309
61444082
99978948
88885737
32385592
73355171
6397532
41580755
97719121
38930357
90383994
9991900
50868372
41205011
40767354
44469527
20673940
19349822
75300437
18871141
31220706
78696554
23241579
10825370
84496870
50294050
7279160
72236449
28806519
89356614
86314307
98863654
32453152
36592709
59138604
70581886
26071563
28677143
12808259
8243564
62839491
15604672
40303625
91588412
64791403
33007122
98262902
60720217
29755741
85935092
62727978
80926013
40216414
51299632
71159744
71121612
84142501
53564531
15320770
59574350
51899200
82528145
57189162
93813045
89393722
47440575
14743958
28105309
35369439
58488009
62767000
13462288
45276894
89208101
68912138
96949904
15975167
98872678
60487204
88696693
63385806
72135607
87520492
14880756
70611372
95236163
4037244
61314357
57709977
95516058
73703509
53416393
92177432
78585517
91419010
20695267
26683600
97226927
65683941
68846750
73962895
19577007
15110339
9124636
20317623
14878320
87016688
29285549
69349790
2177416
61873477
32925387
55227370
65003584
48257658
46990287
665668
75283574
41856392
86585097
34899201
85213148
29431545
22627498
14674840
40150663
41036012
13520454
14387473
47983146
38410771
30884562
57279375
72329131
3717620
37932158
5759089
95602132
25976384
78844420
67173320
89568450
60648349
59010594
28933997
97220571
494183
82183399
75546817
6713140
31958650
44124644
18891107
84685670
45534616
30775361
24008028
32388798
17112275
18675345
73203286
6665347
2946796
90050850
79368692
63654077
39194932
16330816
8122824
95819268
76034224
77137879
95024736
51099696
72142330
5678721
1176450
40037063
5917124
20311783
27577794
31802601
78003593
86867681
51743387
19238527
24852546
92499565
83838574
76164871
14610731
29721483
91571918
81648680
45635311
18257829
52112667
51281953
4738704
23037661
44561091
12230026
31339458
72511075
23492363
47380000
27753174
64293349
84874158
15902931
87461634
81560474
77065714
94292171
49815551
14272736
86193785
16252023
35429288
39381218
85737484
11465602
63342420
2789109
80277960
22045373
73213364
21603000
75361962
86313602
57230871
72957498
61346302
10780636
74389199
29657337
90232495
91539152
83945851
11792652
18584391
24906821
73867504
38632740
30852730
6810756
9255355
99330094
98360257
57345026
50055201
55526567
65738781
24466516
42502021
39636316
9462931
86129388
40486571
3994588
3183801
68753304
8041648
75493771
58770883
57518988
18679794
52184219
97610468
91590144
55831442
60234932
49265077
76900039
62395433
63870733
30418708
59667647
28514689
83489073
2177784
22654336
9069802
13656304
39252010
37272783
6807178
40498214
73175905
1118837
40758639
62228536
91951657
96930051
8864444
99856039
37800060
17222288
4950654
46879867
81893769
24666827
14840595
72756235
7963518
87421643
84835988
88562431
58330405
6720098
46124506
19882750
64536051
70777695
37904888
2877431
98008521
78824129
41570699
8485490
99810121
98141769
94321805
23571225
29105642
60577685
22096506
97395115
99774089
7460858
34846211
76360386
48305538
36840679
11594921
30415163
86920626
63993485
78123747
14610579
16226052
17919093
52652493
72235793
68719871
9535850
82685733
15475534
25286311
98011446
66204979
95907625
7658490
18245642
86232286
29822910
81947312
6034777
70095581
1163326
87260756
9413510
4789485
88879168
98460773
4448286
2893178
38320940
33099981
10952983
94800628
57558997
47008288
25218323
49797896
14383809
70932362
78090450
24502742
59022921
69142857
30415769
11270357
37974641
69248782
82831301
42256992
44291402
35340086
32463479
58841613
20465763
25052199
64937910
34159119
71284339
60042806
20546479
79191278
36538911
35127797
1353758
49892151
13285555
74276135
26456457
62210018
43405971
25862854
51299308
8877694
46976329
53900
37854442
89672325
41811747
90870909
59745510
74486644
94036042
86042946
67383845
66676743
84474588
23103015
6755008
75136395
84117229
73144286
96609677
53203384
77277430
60722502
74748220
15777344
60881040
53411380
33971377
19266123
13948460
23573525
50567843
43565466
81033501
99260110
55840292
50676841
34275440
69297510
93248180
18509673
59945254
1869962
92123047
27502670
61641029
89039678
68107925
91145894
5245183
6962151
45191446
62991539
62766368
39245806
97203830
59286947
8577428
24632666
18436278
79541810
8197250
87894700
36234712
57366573
41728827
7130149
44726086
67541139
64831538
72602791
17166586
54523619
98912117
60475356
60024269
93707270
34102386
76086961
56948177
94390021
71034308
77799378
98369283
57251675
31925652
48898752
53608075
43514286
69882846
35870974
15228870
11910723
13920317
82617415
86267134
25234889
60106616
80349475
87008021
77995552
69983595
95335806
76385271
24695815
350011
39791015
47339973
76103600
92350294
35750491
28101165
2871137
34359832
43208901
35663240
6371498
61449269
49529235
58625748
43815535
20614551
92401400
87784319
36828605
56008578
63138956
39188578
10645985
66457743
50281620
90365970
65615191
92209437
58971456
3886945
89581583
56087829
47978247
26911456
72748789
46980160
43057911
83250061
5551920
88936119
86431887
76738202
23949411
22974623
64104384
74871415
12453939
47476551
91824340
10286793
66136784
37624583
69112662
79112109
45016904
42510070
57470985
76334823
13519361
66594910
89335298
58201928
8021383
57568321
62164908
57930316
53627613
37031437
19215410
46468953
27496482
23071600
87995173
79292313
89645679
72733247
65594428
14732233
86597041
69912810
33823888
15276372
93613032
53473579
5170442
39305238
50674175
90647806
62615604
99352691
27414093
91091114
12602799
53418212
95294418
14695436
90180779
44468059
46304091
65893643
3906985
62427356
38254735
11799957
20516224
42722257
22599389
20798630
50444706
62075575
64682610
90700327
29639317
6950021
41252838
82192331
19436264
14574207
76430459
27313166
84847604
1020143
92666071
1145670
6850417
11617429
34027693
35935130
84411002
53639011
7007095
95882242
80084284
31947065
43710751
5085012
86695746
98730200
10086230
60612144
67123498
33911265
35662363
74755658
78493592
80737465
63350245
91862685
49691342
56118171
81937095
46223476
67192171
63768883
57164417
12906423
1128764
47118335
84969488
14669637
69711663
27729305
2684224
11166478
97765832
51643386
23040077
74797172
44861510
72671272
26098047
40358853
70770366
81514110
61552350
40299893
98470530
59534252
55963687
4273086
85740083
62827170
67102622
33949058
55650696
46742771
74436005
74204627
7841928
13239694
99154075
37748963
99058417
76650838
92430059
85336716
24769138
59611377
19799812
65665511
11205127
67020018
96543963
72940813
59528552
85622865
95547270
77692233
73343009
61249813
82575437
71964656
87659407
53934637
92954042
77024790
67532050
44642454
6992433
21897993
33142666
4294512
69435153
43814402
41476219
76414863
32960835
8496697
88478615
50447602
85275824
10401436
1583805
30695894
92723070
50748084
41602675
59505446
95419485
75306545
20579178
10106989
57425193
81474718
78736226
38784300
1904794
36973950
42278595
16143162
27099579
56122178
31825004
68985856
14132363
35220976
77044730
31858166
85315731
14935484
62489077
27761405
58390361
57189675
98982613
39592682
24813644
99034284
15625016
2484190
18885240
65555414
20362122
73887807
83274265
54703896
76786448
60177706
4804937
61963550
65931120
81702161
8758653
23377714
58215341
20894161
70826165
60163307
76402701
32475685
56950213
70215829
54315874
32276650
61864302
11440078
96307547
19495917
62341625
56680255
37936886
98218867
26437711
50678149
26521959
18729188
73006790
48978844
82966108
47963855
87970031
44115730
754002
59486164
36491324
51449031
75641669
41115946
60004793
92674606
65749144
87947525
13441678
24591154
47746886
8566503
28799697
36570683
48735295
2168273
71164728
40941776
37995316
98062287
22816789
24667878
72380032
12956657
51500096
8024262
33138879
23813170
16868298
18922008
11838112
65345924
42122699
49717567
89301847
30249244
97324145
14562822
12875237
36982764
67862880
68404412
51154380
16407117
93912699
62461377
28459997
32065616
95147298
86191717
67865045
8449231
56387573
57662935
74265243
46303732
94370726
76374022
24114435
83754633
74390808
77493949
19108068
34932558
53073126
54301979
48252983
50511625
91299825
64685733
92949740
18192939
25947477
93055163
2193906
66960270
81404455
71123398
1945253
9904850
34146811
56992755
91942416
43485283
18281647
10468093
43349971
57615741
57164562
68935644
99073475
28472056
77087386
69468001
22355102
3413513
29333170
544229
44676977
63515214
71399330
81176453
80997556
21157122
81923349
87968620
26176594
15099666
94187683
45921860
29797061
25919165
10291249
71885160
77010555
43067947
65201448
80222019
29725469
85470640
6568926
82202557
84066378
91112141
95715215
86060828
12632898
81219163
19348489
13109120
14286446
44847043
37301285
12214842
33615334
19785852
26510058
99477641
65713529
68324980
94125711
88333532
9730645
17729022
73277121
66801219
50514990
21882282
22563729
67831630
68350150
36254297
40098161
59463827
84531305
289757
82249896
66527216
17775922
47011130
88367608
50624230
84026679
72953718
89933189
97193583
66976241
7510770
54166469
34969018
27390344
3145133
78549800
89715499
58291446
62042193
96322044
17837597
41353415
70994573
14990776
98401324
88828678
43121059
37724182
61386817
85450530
6968930
98372639
29624447
97788333
50018743
64430500
31644300
42649169
50326405
12668104
46165978
78603092
63018229
44626543
90822238
24540761
22896475
7739868
10107876
22568729
41256661
7778642
91270684
7742781
42634440
21767910
5390330
81015544
11336772
90382164
61669966
6556735
18864534
82115763
68394356
21215154
70494069
85848552
6063414
79594074
43745069
51130163
77754429
35176108
73094077
4279323
89079580
4222084
34233591
48314622
20155677
79122553
99307845
51382577
20782846
4004763
80532476
90800168
21177702
11509364
64784655
47333164
898176
55933620
1497669
41943151
40140265
81845668
76424047
89757183
10732432
93911056
99412124
42153266
37270342
54845470
80353427
86324935
41671611
63734584
56464421
64448907
65406907
86077526
99839325
99835062
15523761
71244592
97350799
70526897
56945578
92932950
37611129
93621852
69831080
32001466
23916755
15988365
32823079
70938770
39799626
26470433
61883922
32937813
51097834
58920460
44447318
55232296
22716638
25081517
23897103
88458444
80174992
88470794
37150421
86718088
23591154
25808037
10676978
1877183
11606245
62130491
64075486
88766540
53123443
84577630
27453528
8424469
5819604
99985545
36766279
23189480
8851549
43512943
45145965
65514598
71098046
5530753
231455
57085488
24865076
16742126
57191111
87922259
3790746
10374475
6795365
30890311
14619258
5230191
98443439
76045075
56465947
91505507
27537353
18346444
2454271
95946213
94746658
74613532
2049530
82512714
43577709
9830694
22409426
54768878
81006792
96943185
78901845
41593872
88818182
9442266
22201781
7725012
70417478
6843262
16809482
37982964
51344473
58901006
38003251
61103571
1988039
26071603
39474566
57469691
36890964
21168526
76537601
67446060
41546897
60300836
31019845
6080999
60827219
84288634
77277205
84203814
85420640
37632040
11843060
70788796
92538409
26806552
87288539
34507182
58587533
33438827
99314553
16011508
2046836
38221972
5808575
66229298
76149009
50930476
72416404
75842814
62962809
33971861
46488087
32580643
23095015
26710348
92257765
46058440
82149932
66392087
26620523
33528062
2068692
40023810
33473604
98078060
57286787
28820681
59224060
76024872
47503065
59954595
65155549
69087704
26912717
10837467
67701081
546262
47172578
57393354
78646897
92648041
55584761
38567017
77008663
98515829
8526731
1360412
6044756
47397619
18038560
99369047
75266426
83005326
49872591
69347329
55307901
34626576
53498353
46729810
23285851
3321608
21847578
35841359
91785216
95438746
77804543
60259627
3076265
72526384
22558186
43752295
71831197
58418248
87126708
86685305
74465442
72662668
86450569
71137449
47008417
37402545
72922495
11962575
37939867
92764974
22936227
11041095
4360048
42673057
97658674
18380583
4273550
465125
10280240
94850403
26557489
73121483
49365839
2537638
10510923
80725330
69037249
89906659
44350724
25515051
3183356
11664387
3633156
30984035
73399574
45806
91725655
36362567
90816750
87445242
86289918
22012133
99112744
19461925
90162624
36637154
17054636
64683733
54097887
63370010
77289338
43650816
45722075
56749389
77198086
86578152
10395741
50089612
7930130
68545830
74950739
73074806
73832713
59421449
24290663
80326198
96724071
11774896
694677
10741663
41670989
19053195
73926955
49394190
93097054
92836477
73020807
88690270
93643536
89855396
47475466
5222821
5937665
54850163
29692403
84095442
82688192
29584778
50878215
32229778
68056174
47323495
10330717
3310720
56867637
71326098
26068431
68172756
30640715
38978118
19424537
43846628
34244613
77952905
24387544
97916126
6034546
11273842
44055617
94190862
65458720
83372599
94586058
19459943
35064054
46707569
82286053
76342323
65392471
72294590
56596400
84008623
26382533
42582783
99249192
7953595
69419444
62209242
9298680
38440937
70821933
92114548
90778628
75943135
54416460
76864762
99987509
45124830
78963774
38662283
22475814
13044233
53476700
94389761
68976037
95069379
4419481
98677398
88115304
34644326
50360795
35051143
55396701
82330474
62336906
27661939
45364937
81850878
54064145
89357945
82389842
56490978
94576415
98729422
57161292
88124473
92421603
91472680
54675074
60800013
71428655
9182180
40265995
96131825
19604009
62408693
6685482
96609063
19800419
29391022
37949377
71190339
38881264
33202582
95076885
6777304
75255775
40027615
40955364
56106009
6214936
39673158
14721825
33613568
4696426
43309040
65230826
90811624
27992499
36789874
28431292
55076386
92757221
7185660
10330243
40895239
18900665
18864657
30405383
6063979
70023134
65660617
45434770
11796614
78416911
50441036
46416103
97942711
51410649
52137011
79077309
45371049
71698523
25761731
10659508
43124561
95983873
5761366
27297094
138504
118456
76380797
68343518
29304190
66947692
12219370
11248228
1288121
694005
37079149
8266943
90932661
14688497
47331065
88091835
86082414
90606235
29978388
11562889
90686395
20214770
38742352
16738082
93987218
97382871
81315835
97506952
17129499
68839777
62827225
74439225
57523794
64263821
38745048
32800893
95724886
38636647
56186933
5347158
88515663
93199730
32116094
27022188
27652752
41113265
53610107
64331901
76217142
17895404
51045243
29494489
64841426
21158880
40450991
71777417
60892278
49570954
54495300
23860436
83023593
90500927
57874302
861510
36888589
30775203
19945628
58450557
71151871
9108599
26813495
29433492
67826676
42665219
60160400
44324820
59149120
51058193
91141525
16573000
534383
5929787
96301774
78888709
35756815
47906558
48216079
2703812
42020528
84190635
94174579
93133393
3679462
74303977
55008487
59202096
8329047
74666447
18099535
37814166
50722127
94521756
23538900
11474496
30182731
60312275
45130042
15765657
11536074
11877154
59372910
14345044
51356147
24869596
20334391
14596853
39757286
71563935
81015630
31239441
38451289
30033164
60017228
42431617
38504874
15910536
96959652
68052049
18659052
47037681
43257905
41750062
57857736
89074374
53458239
2210696
77951254
95947979
44355099
72940043
63330522
22094576
81537468
32869937
63308214
59848133
34365290
79404730
89464922
48840371
49231605
86563009
80722608
43076400
90730829
91698717
26953284
94166654
95904736
46651711
88544301
1014463
13006564
255957
61268273
8486367
64629735
93855055
35433188
98370630
13769529
39781578
85606203
32449104
7204688
42529721
48060116
63570004
19224498
21105482
57058317
39233950
77322042
78812654
13393746
26542857
18126691
92870731
72554167
78786393
54280890
7735240
29757825
3031914
41664652
80794245
74190010
36487450
66789412
79698716
64575745
67779093
74608538
88757517
21033878
57374092
76326569
63029973
69129511
61453658
22717019
88084308
11568231
96405386
20589131
74711037
97514765
3596233
3672920
4175854
14065567
37268984
20286211
55237486
95870016
84751631
54659202
68253809
16168719
76502491
18794416
33104964
53479242
29083214
90731484
88741586
43961366
50725481
43578783
9242745
16597755
39493878
74159236
76145349
10086955
3751146
58048858
18979699
23633386
54146989
21164355
13184395
69433820
32699013
9984619
68332475
81103725
86099020
61557336
57197953
86988422
72679056
13548990
15916552
97641180
7630506
1632723
57673475
78458984
88788612
43914939
18900260
16457524
76925421
40138925
37137550
81218911
9810107
71753855
697321
45646764
11933489
99474401
65698233
27593633
31618199
71884762
95194708
61328797
92471122
43287694
78349681
52914665
38340537
3437299
92229036
42933461
3862853
45458979
86878806
89875773
54098595
76577002
97246634
26846328
83876407
21692555
27680026
9677013
28698658
36180518
90786542
62278254
71068443
20665215
26212570
27583019
56242470
87842633
61226445
13171155
22040404
13762747
74654753
8405788
72825853
10443745
98775868
41786903
26591176
58246608
2535021
16339195
7402127
303823
27633349
52481006
76750733
10915849
63765641
13645832
49725403
5725781
25288768
86868972
95123694
67303797
3530164
68996188
12110817
18181718
5486220
3039056
35794672
67450512
71063266
98585977
12562596
11806392
80031118
14035142
20803006
41218685
20145930
87172985
80400840
60400980
76283406
1985329
70802688
68956617
58144222
74202026
36370253
8336122
97704374
3371176
208135
13236468
15765319
6670421
93350589
98229995
43132042
68141155
92154245
57179104
41737317
90474213
88361243
1834692
34615280
21401901
40361419
96650567
32099308
82651366
24022012
24995151
41648961
88127314
81808718
42725289
91983158
56828767
39154106
33491371
69365875
2767099
69645147
64180841
41191849
33088523
12684774
11073111
38272089
63928376
17501791
30544856
81869819
98835775
56879146
97624386
90157840
29055313
22415330
88033367
53440093
28904685
39916076
9687893
94777910
27147100
27735433
87786053
67799843
47314867
43637083
66406413
37107043
73294218
60875032
51100364
34875069
87068240
3584715
13775422
83563922
74604018
72828507
72467216
42683036
51546448
95764720
30780895
59411022
41006935
57385924
46165743
67912119
55693337
12949470
93566164
79634969
48530588
56463869
39532585
25772683
92509696
55729490
599283
91213268
90440799
70398877
43984261
2687879
5177868
95055365
41157339
80028572
36044014
87125900
15752306
16603290
73810622
90722983
52975860
5820486
37174715
42046508
77268990
87897118
98717766
636852
49497948
99455329
89670631
6149137
25732127
5718663
84045851
3147094
50325237
67694732
83614249
39740051
37780674
21902378
43989949
29204619
33033951
89704954
39156123
56706493
54186165
30280984
39239950
28778228
13681278
26986937
16252212
75553971
25523366
13485671
67421260
14461205
29548192
17690263
45805385
89666651
62649598
17573269
19659039
76280823
36364897
19221223
44578011
22823878
37343375
41303622
80786866
94707452
48647793
53538216
39317254
74804369
98510489
97894638
94061869
73661789
60151500
57736065
33822674
24376100
62566438
69341569
43484107
11324312
4229712
59688167
76985647
13307857
94664476
12087753
29384993
47865306
86208641
96293387
28145068
44825741
91100024
41516274
4829504
53030530
80957018
36897237
68217734
6244658
20810273
46224707
83305185
32068483
89042576
58810814
42004381
29594091
1729348
36500975
76670351
92456700
75893834
42842762
77127504
51260885
37508136
11774457
20464538
21415413
89892682
4984279
32118259
7647238
4227855
46019009
7862626
52128301
60880761
31205284
69581130
71817265
98111187
96096618
20962776
24417749
84140479
94666612
93364606
72533611
83809008
23084414
92144213
87043592
4713165
29294447
81256939
39079856
21086650
52759795
98733595
47363453
7046048
45089909
52055198
77977816
44436799
43627049
70570013
94419864
32828775
15188272
57166502
55347321
6251578
98136968
10886654
93349000
11714734
7114018
58604583
81241227
80578733
26892585
76914593
39707837
21202609
79350327
40140684
66519893
60474400
51982755
66899777
72182042
37515349
49156211
25312523
73585241
13923909
5976227
66412940
1783190
50303783
2119447
73547357
2251135
98535629
85048076
47895149
81519690
5315430
45999319
22423769
39432162
34658734
2591898
14723414
81557758
54109678
55039276
84550789
86952283
26398686
93581168
38200976
41417018
31306650
32379359
90397525
92591863
90268958
72862254
27859471
32369428
50045220
30495959
60364762
98283744
4534803
59597623
81291850
27163012
1076151
7763399
22402942
84148674
57583900
8030806
97570324
26366722
80493715
86976367
59712367
47477697
49729333
2610303
71740855
51918295
89645358
50352177
47019692
19734194
62190257
3458994
71229693
68926230
85169834
99014614
69737866
94365838
86908195
54494728
89970351
12987365
92825186
66512814
1338199
70456133
91687268
68300550
37187615
79565003
24552868
90195759
71969726
3421738
86050024
68133602
69447318
23205447
96773464
64168887
14448651
86785399
96240620
11689974
56474623
34777088
85537589
48074597
57957530
62327932
62852351
23888809
89392540
35667451
20135112
34288423
88432922
93262211
87264572
40298961
38321502
94485870
86304363
80312268
96088638
92801759
64208363
15039854
75432313
62601767
98521979
75003705
49852982
25780906
97045769
16023470
36032929
89663628
18074994
58332346
26126849
61526206
75217394
97383029
52074567
4735664
92756521
7066028
76467866
62281042
81325149
53056739
38818484
48041550
16057179
73574846
12747955
8009076
98809657
23226834
59417794
93903642
88812911
29659015
63761755
4832231
92686514
47578651
8491383
4271153
12579617
12590369
36489646
56745545
83157253
92345220
55194549
45518050
28649956
84447682
29313086
20518108
30189303
76328694
18390442
78571350
34010670
49399109
67655080
54447517
75279867
50563462
93520500
82371574
94972255
57438816
88185725
13688703
95593030
77830574
37714028
81095691
87230214
30385500
78364425
35480058
7900079
11071780
96101280
51453337
252453
70650911
93396701
92443827
60689615
74215006
27386193
2853415
70643163
45665749
26688330
61919966
91329433
60103529
35647089
39911018
25768539
32910522
15894276
42688081
5802103
80730731
55368523
91918427
87321491
55941970
20987325
7651746
25550041
96359549
33108155
31540941
14596999
99490660
35196362
75595242
87717215
85696498
28600587
45518126
76474927
14023776
39735895
75245941
7812252
15680256
78265868
93858667
66658913
43131129
33826482
79754746
94529582
76320721
19604064
45079254
40446781
21585933
52299869
87451337
51576063
8303220
28893646
84232588
64448234
36475262
96034367
25018240
22961419
29999259
32093637
64618990
86412337
30986593
72107766
94404903
80345343
13913912
98343049
4831649
96078811
841661
67150591
51402557
23049738
21244605
89256407
32547320
78616838
59583387
80709110
46947050
81996519
97127229
27480195
22748542
79551918
54581859
3797808
47569491
44140039
34688400
79867773
94785149
10753498
21021954
88005963
50800710
26525955
20217939
92149845
21251431
55443953
14628238
12387853
65797911
34965534
95027587
83823215
68263048
59822354
7610876
37095747
2938176
80022567
64974631
5138958
35934087
82324997
79575745
99429995
44915296
34182321
1567200
80471865
60340404
91090953
67478663
64675705
10315239
90369660
7376902
23377802
44908634
45031626
86978853
23152883
54850867
69855383
39221280
83727224
89152330
89620658
62870292
90080637
32815578
19051492
27323100
69296431
5762590
59799364
90270626
90743570
46034484
18574503
91471661
58906725
45292802
44665321
93888932
37862706
21479870
52684131
62942778
84733596
92831755
9080009
27563989
19909006
92962737
84618252
10731234
94126403
71877796
98049112
32194495
7537033
24319097
31425249
61825097
38650719
92115262
96906447
81680533
39648953
52837517
77761399
72947594
21039807
95831367
16924899
17222011
3162898
18051198
48233486
27875180
56843251
1715211
54256707
94436818
38930238
79600231
52578681
89974926
85613134
2729066
77162630
66356629
84869848
18563817
25625314
84547866
51092131
29958205
34423525
46120057
70278585
94675381
79523997
23161247
91811870
66818319
9914835
59081081
83259577
70572639
83109284
55001449
83564475
88087220
17489310
24402150
91986372
52671256
42862806
9264254
32659616
25276422
82626251
84846526
97875237
78668427
72939181
5349652
64895290
94887772
55341349
47956491
4100016
83919257
89442666
3200508
35172048
97437736
5824696
18312532
70834376
89160609
28824659
14058121
95565227
30001632
67982307
94052716
37994063
82708814
99773723
24914594
20322158
38931540
59951534
78898315
12161522
60678780
61747086
11442082
61885701
40984109
45328037
75633984
50851246
9047463
78482748
14664274
79843723
97275143
82133143
73036696
85313055
82126497
62019269
76856516
69336944
40728792
59142281
45749934
23104816
38506231
35609236
2069781
81571339
4700200
56382007
62492347
82508193
98062390
58588270
82332593
35139668
99308084
23222591
15504544
94423066
53187200
32034290
58847456
32823234
55960000
90491588
5731145
36675821
37757747
79826977
38075487
33888919
97858657
58806530
76661206
23746923
17111664
69924737
75074933
55637632
29646922
73128663
10833679
2677990
87532994
11663264
71049401
78508721
63468783
87787229
67171950
34768700
49190310
58838053
9864936
16631723
25605583
73972089
78043122
74917925
7103393
64824042
53640581
97987680
39113536
1716867
20368337
27645653
12698922
87465283
86035003
38060383
40406022
15959855
14197997
27262945
81625182
96045663
51163843
67364671
31893911
42978435
67544906
57694418
1387224
89227786
9889196
97130202
1836779
13892265
39466164
92091968
49956959
1247320
67694601
29378911
58806004
51684161
89511526
52527547
18337611
23704026
51354228
53739919
33843782
92277773
56992332
93953163
92400872
82535984
97579636
9531035
27762812
52782896
64952158
44467344
32677133
19125421
59864424
59122860
38749058
50938041
7979040
94840168
70316414
72058350
6980119
31009298
12864764
33870712
31898760
7997240
63874246
65364218
85484567
70188070
6985525
57676412
30163510
18248465
30292881
77166560
27283616
612456
58483090
88051422
5375920
16434175
3715726
8833306
30033120
81131045
7649473
30376679
45384704
21173478
45395865
75137824
42490137
44662015
49836305
24613821
6949221
24260014
10918004
6561755
37189603
39569830
91930432
67780405
69144951
35894765
47606838
84411181
9908454
68602645
98407606
73720608
22789496
32006432
2834002
83508819
75780151
90290661
36199565
75237774
89349150
56359796
3496511
47813835
9363663
8986307
96371230
95348052
92671767
58725980
59427025
47455366
71121189
76431087
24633709
27420997
83178832
795101
8692352
27774316
52677946
24505287
94590468
28918828
272282
93876572
34009152
29355805
88418011
68399872
43486353
77866123
44574533
24262685
69707892
44896001
73333149
73800685
28574915
19498294
52397301
63786833
18746808
91507515
12467010
55798476
35841054
80147865
79091743
53545476
83346126
71881328
6567087
26370288
75375335
9493964
77431041
24949539
78401941
98560907
40781910
47584417
99414782
82931961
46785919
21887561
39972483
88477365
935266
38714657
80370036
64029059
17611987
57842516
99270276
58649845
203600
85131910
8669253
13745173
54278429
19769721
50421581
32717709
53718230
31111809
34017
58107792
16084505
73262757
40863669
3800969
10594688
44942430
41649859
36400478
62031209
94116458
62917295
1411158
27660031
22872983
44788501
30682741
22687079
27647316
77181795
31865003
77541762
6785792
79133355
72452465
4644248
1542494
40450957
47727640
98194161
77978501
60870555
88862233
17233161
36825898
61952178
90166226
10013282
73907150
52950803
94810293
93702908
40983247
86899301
14446152
95416383
17157212
63126610
28504593
85717216
80125089
99598974
43107506
54277407
58439888
67087184
89209788
97155757
29778734
77055838
29584677
52954372
37484407
45164559
20150041
96855537
24782715
67734259
96811755
53699210
43367723
38983197
41342853
50781481
80915808
34048532
43368911
38110230
2748177
5470590
71764787
82361792
66444895
32981225
70565125
70157874
13297321
8234061
8806243
65201894
62254409
43995886
33951810
62004033
97969616
93024351
15940884
40026192
40642420
78689541
85209066
34279171
37714932
74636223
12515614
93297502
9284201
93281764
99657655
45852697
45419805
60735698
76129444
51824836
1392008
69556284
53912628
17644411
38592488
29582112
83303807
511493
9679177
30157600
67270683
11434035
40211509
27686916
1475903
71023460
88955099
54919307
99028535
72754273
82500387
40705073
43113075
45627460
65599008
54347389
97019363
68776440
24141705
24879557
46404688
79243104
66843401
88852590
80417450
77041711
28624424
65009332
7552776
12030898
15087573
91555766
76634361
96165637
13170919
40728270
4860150
40203091
85313546
56248318
43446297
44471891
49787345
94140248
54776880
26039716
85043313
55339793
71500741
88317974
99776714
16171444
90710750
68479037
27780233
11522662
26579685
1622863
58482259
12793807
9718986
19913398
90223159
93262849
57519479
8810672
25997341
4255385
74355494
11448675
48641908
30389221
56354143
5746641
35241495
96591730
37858284
55975653
5006110
72702664
99824220
9440117
94273652
26466968
53240457
21392698
67215849
87557176
13263437
57222541
34170426
36848026
70417903
29789887
69093571
67817957
76404858
46105761
55738712
15843801
2504540
42224262
81515422
44021863
45687020
69413587
78321671
93013250
86634661
47911957
80586383
35880436
68259847
93624692
33784926
27682837
40601961
19334466
5975132
97448485
42999481
9836130
60690912
84506288
19091353
49335343
83898982
32128768
9604375
5075835
96094880
96382004
31486460
21619282
62112501
65210920
80198747
4051715
47929994
11972875
81444427
77690150
37929150
54013408
95108867
67187242
73012109
370534
56316922
18490889
500754
50518364
11401786
41470134
69394492
370435
44782418
11439591
79761562
26076514
41960774
58160040
71742357
82937560
15237703
50402816
66349112
30370740
36450390
70097115
85567800
16541694
82633526
75751795
25619235
75854635
93827439
5278166
89578745
18733582
44590711
84225110
77845061
16687959
13538682
99229756
26078669
15184805
72846346
64785474
94332580
3601437
16353941
56363202
29285680
8194303
47639679
16354897
9415534
30872046
50054554
3441894
99755636
90350439
66894890
35078125
2317219
73290024
68689990
15816936
88294976
58150652
31694045
17512260
99907002
61168525
92294827
87575924
22933898
71513115
43006743
30353026
60808479
37828621
99037422
88757177
74572674
4642036
24624255
77045887
60013170
94623637
98671435
98790870
41398250
56837475
33646647
91531760
24027383
29107871
54508306
69148482
56983213
47860317
80763939
80057309
4825622
69009468
59612214
59536134
74425865
21468133
59755961
96650599
2258769
89611081
35954249
88293863
29856996
90634099
11013308
75051341
44373558
11579670
86258509
94298858
66958946
77483270
60157738
83890191
32125715
2255165
49117027
96228827
80551915
35816877
20900413
54260134
2760786
64088619
227475
50166327
989629
55564174
9978150
20865677
47475964
3941673
61417615
39665567
83966850
99585575
13020669
3442716
17872827
60038366
90952018
76018299
23040743
49740283
51837385
19233238
38425983
33085191
24548636
41856781
3022292
20562918
4357008
97029631
13526476
76152347
2883000
22264676
91137765
6367933
65714927
97641871
91852954
67724094
89899924
14508700
90516288
82059274
41838679
10158274
72162334
85721837
88248489
98550733
91332718
85892844
16625467
85967329
45151470
17593858
97790365
89354454
96507082
41122769
6040812
52001472
46082861
24023187
26471164
30467729
16020979
71065874
97808857
60296232
96295619
3262208
90545069
42602072
32665888
3261224
9445260
36876351
15408574
93004724
41812993
88912504
68502919
15469221
5911002
65044275
54676131
66276369
91629101
41668063
48863353
59593018
3576554
5848405
97243571
37570138
73758459
23520882
36216565
31894122
80713920
8593008
71398618
91324826
33337203
90883181
21267789
29002191
2383947
72401357
88333696
52811265
78712545
87245538
14058103
2997563
71636844
64341305
42806813
93569664
56773688
12889883
96076249
91406131
2147344
61794225
9680424
62387484
16257455
66217185
88932169
60791693
67032658
69033781
61314292
38288980
34175805
41743842
79131815
75997414
85296084
41151958
1015026
53325449
53345597
93125480
1974391
16712792
74061851
92242055
91082554
45425909
6454556
52629153
34498312
18903335
81989286
82269778
44705570
59057184
56249754
46563857
66941757
90632889
4554897
58872799
83334642
23127045
68985480
2364674
93130531
6854798
8374854
36585125
14683300
54462568
69081876
56235626
47270022
75368506
33869493
2992141
90263288
67972053
79721536
20208075
94236635
6550129
42850198
30229003
97793816
91836109
78055358
52781657
88840804
62927185
34584477
47510149
36702185
33469297
40280116
72346444
59057923
51762527
83214891
84488230
881895
83659342
39023507
46004142
70236959
27053948
90929529
39217364
77664740
14742250
49876773
15761721
19532288
99364682
20350975
17328067
90101810
25328366
90968298
2241667
29362372
7180917
50571804
32941197
99752638
99420986
25229459
51505832
33019836
17844420
69227819
11811238
69959784
3601977
62299534
94007500
14640243
95890508
49233823
73543108
96416120
13091005
12147741
58080656
55852718
58719378
94759719
22122360
15712612
5188843
93307288
71554324
32264928
244542
90670333
78209084
13499346
98765129
79373855
27563831
92806496
48068359
84287901
74879810
95590401
74101630
54871508
78348052
63477193
53534938
4795457
25430627
59289601
26294762
5387105
71130505
77419458
1455358
33829576
36046830
65071171
24582903
63476191
16537100
36391751
5948765
4177016
75221528
63353060
10124174
32581830
1734481
65855905
32586470
85369978
50511617
19781933
9798171
85522538
63469837
63207479
56156427
88422073
27259161
57791892
38398587
24590081
46546389
13125640
41478116
29706048
19798359
5920016
7928640
51502781
26877194
32844374
44644362
69807707
9716301
95804668
68468744
54308799
51159731
25194237
94487890
47121323
9526031
95137469
69014953
42696601
19527444
1497028
17298925
5908181
52889598
79365518
42609133
79632396
15878371
8308944
49122325
20580217
19762895
27246260
20451970
26749466
57347538
54855616
78870587
28009883
63088676
3502386
56939598
8840798
18360963
31392033
26997665
28827452
57617858
54695431
16841790
24870248
51444313
16710900
55313385
42339343
11233361
3094985
27424606
79294961
29546430
17540330
12064545
39767028
52630760
64982078
40555418
69626431
26039015
50534824
94433326
10891318
70425004
65251191
2385158
67451959
70471417
10674017
32185852
22990476
88656136
74653509
97783526
88898911
88032928
85593780
37934947
12451193
88602088
37294032
17365185
37070081
25058692
40201679
92985606
97794492
21367458
12594873
43896667
64278390
50715894
36253538
74417600
80526223
99702775
70434764
65010773
43736273
72266691
31068261
83434795
68299925
4543723
61002822
61636040
20197474
53279295
79799411
20041268
92754637
20226394
18761084
54258464
53993701
24700428
23547723
18554698
48084967
34846255
77303178
85742440
11819081
66311095
26883997
90448798
60384531
99369096
92679836
14044120
13500372
16979352
1219398
21025318
84546929
22497931
99413945
26856469
69243979
85234896
10759237
9930202
80843389
77028201
58438884
55299544
5781341
7069541
14988665
10589882
79119235
64026539
94233079
55620251
4505946
78966945
78884979
17217080
69613680
86679118
46349411
25181568
58873614
12682831
75574679
85588043
54642062
91454815
53099945
78936552
70982916
32242980
28433273
90848526
27317731
11299286
98815577
62631169
23818473
57119784
48290089
19042561
84831382
45184670
8049086
78464818
8362595
51355887
72696139
12981432
1788264
36529760
30793338
21169493
45768782
61998859
15805824
61173438
53597651
95312975
2398910
25262906
9770570
85800964
85901963
89981186
1812832
6262585
97857727
9228533
6181216
77318578
45971806
35947368
85683085
61439850
36684495
19989646
6176353
54867260
29644375
50552954
22013070
33383347
58057413
28469600
89859424
81630570
56489029
5302230
28817469
18306580
63268046
52245661
21657626
8618212
76641152
32329343
35900684
16973946
29964580
32304307
12831983
60896111
59238745
17497891
12056540
46905376
10272513
77774829
35301956
17609942
69000455
92301760
70391815
8367013
30901979
62501684
80456106
3414595
98278368
69835167
41804100
38474878
69850563
75088343
83644555
93730308
25666683
48966467
7237815
88487374
49627384
60365016
6928075
49350847
59492460
91979213
54261928
69731983
86765924
41891070
61449388
66904979
34019178
45260921
76397461
20465208
51195638
8949259
60245387
22050129
53169908
32270105
17960625
75819207
31951527
32932502
24609818
267862
73276059
10841287
72553793
28110174
5469017
36769271
2670373
24774571
15659763
2397768
89602822
79604347
84562452
91107341
84440825
61726677
51450864
71879680
86640358
16928343
86893173
85693427
18607668
84081045
20726044
28841157
73755813
23218188
97733928
613317
75213370
3498942
24152711
6893955
11299727
28200450
48789049
86460096
94685517
36394253
16441751
8431863
75751269
76236948
35028130
56955741
17667673
39497722
7123773
8917872
86307537
27466079
20219454
37659019
70862004
39997925
17851884
16535352
48218476
24361399
9433176
15638260
24251400
13800369
48053000
1544037
54245846
37237018
62675220
95036660
90319447
26129721
7005718
7116093
66221910
68533286
36284203
98948183
68908344
28455968
44948210
47533532
85221373
19787752
6687199
46911341
22310987
7305727
85205700
49823535
38123621
93289232
11116041
75467380
81092007
79856857
91782948
93900088
262112
2084805
14234087
73020912
36795655
11253575
70080386
82429892
59333124
40076342
43561625
29075676
77206112
95042861
99578487
22948596
14321706
65528122
40968748
81190695
94037669
97548225
28288287
33963063
85209580
38807439
79326732
81388624
40439945
53149611
18900235
66972056
17005743
26157438
30283266
67358167
97649956
91813694
66681934
19960033
77427629
35412769
17821492
87409611
67593825
60923938
58391343
80002097
11956988
83415860
64938189
88911039
92575605
51080094
24763415
3525278
97781334
99017664
60657693
44251309
22155733
84782399
59284719
66708169
11325651
73722848
88320250
26846416
32341767
80360987
25726235
29811389
99668051
31340911
45273789
47669845
9658173
95157369
52261460
19279211
96248343
51003284
5830320
8445342
75479866
33145082
12913873
33274190
51859140
82003552
38047868
19312251
54495970
17476741
94347901
97623072
88404507
47108157
19279185
7924264
27873287
80318644
83047543
23839577
10202669
97106366
71707670
72484516
26058745
92264710
15991875
61641538
10990670
88408828
77453127
80555991
79580222
42327170
17463910
31612377
64850014
29013516
48481316
42081751
11786499
37549597
5346884
18891665
91258007
78653881
40173432
3133075
64437072
93693186
88893807
22260241
84339845
61274696
36228754
64454190
38864059
83367958
6203025
75705759
88421691
9803610
2223949
68586358
42250952
16825509
27738437
28477813
65998314
52099591
37694330
16007460
97053690
17455501
24274300
68979710
9290683
254211
30631288
55990745
2456573
49990832
84580506
49387972
43903439
17943494
81044585
3503627
19338930
79330615
65859374
4122879
66711409
20061287
90140055
99263160
45087867
68265943
54233009
40605954
25837167
53080943
55787689
53674867
13438985
505557
98706330
68948091
56311194
66278015
42287094
15012354
47639737
98122929
31415474
24852887
38186715
39167914
29643130
14244300
61459352
18873891
13055102
98278443
85582929
83517308
51036570
98308675
71120276
84864373
28900961
18137874
93490461
38686643
66665986
1790324
92274932
2330467
36031689
46228757
14659340
2092281
29742073
85122078
80260377
95350563
58092178
95936634
28162923
39987702
20672717
4661069
7655751
47714650
79026567
21140655
72637185
75804671
78892410
41056398
22386800
47451192
78975049
13417026
48770030
9770962
52702219
75390619
78509202
47074296
58456049
18521491
6415914
88141941
64323387
7577124
49680372
77874658
24992571
14728241
21974804
55595282
31193223
37763907
13182353
69135004
36357295
28374046
55184551
55665461
87085451
65445195
89381350
67252746
21465066
94417839
2148110
75933375
34730741
82001999
13021199
56256516
22800288
98796103
27654868
23362836
29842197
7345425
41649825
42854558
81990078
7530626
11124066
60755848
47010794
64617972
45366500
20896766
71401158
21766139
13484927
98270353
32832032
2780191
31579038
80366967
94894476
73035710
91517399
60477798
63916411
73284570
97435177
82436961
89781200
47902633
18401783
83838866
886327
77415870
52616324
29888969
9078963
59689436
85445178
59416142
81504522
45834119
33339765
52635076
37920730
1751082
24854559
86636735
62038419
34107380
667039
63370480
8082941
28778609
37805632
33463114
86539700
59493867
13544797
6207722
20982889
23033111
78416763
82704630
79403492
93753154
36903594
7051003
14787443
86124980
49177572
19697113
20974466
84048159
37906764
22379718
53524212
25462970
51730282
61936509
83120191
8861310
45503751
87574893
46828676
83133306
79762999
31996618
53571497
30557703
43852227
33102981
36563040
99003754
65677868
48806535
7447647
38399929
60239808
52431130
59015363
50672412
12623261
54681602
38378568
12827062
14441666
36715741
39530274
14154021
67314239
68973733
45104001
19977598
8566547
83422320
6067428
57575778
99821767
19094989
47588573
4339657
14827591
36082814
21274797
51225979
94599232
50679905
53951094
59594198
87242516
50773404
4156588
17622586
51336813
71452373
4101335
15846337
78495999
82048375
30282252
14584591
13471523
80859880
29744790
23806767
7707666
59022596
84406119
2420008
46855568
4316083
57251196
79245814
66451154
93267339
60760011
52310419
95042327
45161130
53537219
82919122
51541933
77336525
1137002
54301686
47928699
48287941
64511117
91478720
96986113
3412503
47793618
92630718
46629148
76249306
35261493
67346181
16925294
63605805
69591114
26620387
27219546
84582840
80557822
55161768
79366384
3287252
86489103
55873779
94505526
23917167
27179976
32921722
91193750
70483102
76424606
35011530
83062194
60905816
37734535
19660427
75785179
87002220
37530700
16705769
64089427
95319900
26928778
30699518
28070433
59052883
983885
4477559
35614306
80838934
9970955
45398219
45811938
61195603
53678392
97368983
10807282
31786294
2617576
65219855
46280167
77870429
74543951
2851915
2719317
95073938
579613
50203493
18912801
59701127
42212257
85919677
11021794
47989779
80801725
65210160
24097116
6041937
24411233
45739375
21799671
21733188
84983976
62675152
31151770
33075949
36620243
18282579
53608386
12108704
42758360
32905528
94401750
50078049
92633034
29695653
58709333
23302244
3182114
65000175
56523089
87836686
98276234
69439593
76976839
80554602
70347901
26791947
85112850
76213442
21364697
14567126
46926992
3755386
35490451
60199468
76173880
59977523
21035220
48146099
4080561
61261044
16283986
82974574
97879276
26373883
52978383
29233669
27530343
88143142
85930372
91036094
37989547
76233685
92683297
75216960
20633991
52725000
14896340
15149494
45008237
51333891
91090418
78904773
49896254
99505756
52547692
12725993
63472585
79881412
6579715
22901333
20031308
61080698
71924072
76601245
71974656
691448
8154205
81534073
79325587
89386485
75055337
42949392
95450762
26521560
34107416
80172982
62652438
58445771
3506215
1292472
27706035
31896590
88341782
45901880
48059148
80882630
2396152
666636
58545669
17994865
52981978
435947
44881314
83977960
99666247
6159849
27852723
5991734
81289162
97890944
66261409
69220444
7179122
79164484
89593899
73088699
19691467
56408318
97472946
99412783
17594458
48371502
36113494
4463960
86116835
5592141
94166772
40560502
61976730
4290875
94570943
23468915
7600846
27778667
45243320
1618439
82863771
51797330
40549114
9027680
94709615
57521236
77472455
95527865
4242119
28532843
44991488
3434174
70895595
76305839
65921651
15226238
77667750
83016875
92109774
80734813
38377550
3350345
14792693
51371718
1243278
54042466
62002336
98487650
83467840
30546464
92226287
75135641
95921676
26767981
57353204
87971020
72475094
95882731
69575176
5319615
56149466
29399657
34699493
37281551
54356080
93523169
66547629
35702542
78036067
99167082
14633183
11517371
67252982
55995954
23832695
89938026
82304076
50220574
301943
77908634
24699819
81783911
85247664
23419059
65914883
64386631
8337467
35787348
2221844
97994561
53657069
39104965
71755985
30106000
50105677
59212047
12164439
15934070
78836929
13832709
93722244
37371138
62374916
35990486
38187738
83128469
2289501
31925937
89763067
89381850
2184787
78741048
62870170
77863240
23085848
63075332
16832910
99289103
91183285
4331913
54740871
77583393
49126461
68315864
91849621
910892
84764277
51968408
1261277
21575564
31090992
37670116
96080232
84436862
51338728
61839739
36396460
41107637
42830496
33704907
18462817
42188219
76750174
98431877
15247457
41673109
23123594
32539723
63220635
25213142
83868693
44602816
95047934
33745391
34470941
33142637
51348520
68105975
56980376
51095248
50981290
37922830
83857668
54162771
41750793
33120266
97337695
57965674
11026629
25746185
69418453
58508601
46448036
6350032
31876085
21449812
43791977
6507109
90774551
23172336
32111899
2381253
47604272
33512042
18087746
25846735
18719175
23724705
29711965
68324792
2377869
28363062
25404045
92565845
61114104
76337990
34365314
66156588
48426281
84077914
56440944
45585192
11469627
1284317
90351813
61492709
68602520
80740763
80439142
37445292
24154423
10186810
67996929
53799390
74332740
4729790
45712574
3213141
37546345
67022190
81183458
57664425
36531034
71182322
84672300
38979247
36900040
76304594
37655415
15021127
19943403
61088540
7257243
9590667
7557775
60410647
37271761
1830107
38786513
4234558
85863595
96250006
96238547
97391709
75044525
73247209
94970255
14657136
44245419
30479426
21685142
78786814
85931916
22198641
49836168
43322983
56399175
9592205
96104514
29619753
59693194
7652810
95380635
58710568
94149367
91640881
85823619
89642385
63437577
37104722
53199223
9859977
78608218
49123850
36921348
79765416
96493441
94624336
80604277
2316591
65459703
5280792
59454150
50243735
6183752
94312920
9623787
23826011
17052221
20561649
47495699
14432895
80557300
25721149
7817019
87050795
96564416
11021360
73095920
21104415
14653150
48893768
92686725
58761706
76897227
89779337
45384815
74019033
3773751
77924745
24894833
48068231
75083549
91229119
74462624
39739597
29733809
980485
47683393
22066038
8926204
93916391
32039164
58079561
1696
1673322
23001099
68867598
12060276
48543895
12008737
75905249
61375548
77281832
80201434
56971444
40708799
67839118
63808811
25032977
19576934
82355818
40298524
260762
14751139
35399259
26290250
59146681
60849039
37839850
26499977
62125485
64197907
89446397
60754948
48893054
49799754
52048026
94122340
6323156
13421497
82487562
27746775
96476414
63561536
26020809
50415893
65749111
7130568
72980315
54153530
80169951
25417418
63873313
37400121
34212431
22380631
65084310
51952614
61543077
34674544
43252347
5318313
27163388
34146359
23928261
52154985
84890391
95895054
86691563
72333344
62545
12695456
7361658
31499096
39718446
36083838
11236792
60782369
33872474
73553243
41061857
93154219
68858193
34910841
83389876
3738527
86822429
23290448
53808854
9427552
76932645
74340233
47610911
61897220
94507183
3518373
51320064
99751414
27726182
28117164
56324882
74871348
9529009
15253549
8704035
28355543
40913347
84588890
49331818
73175761
14869316
98337166
1493900
29668728
93237676
62108779
90142831
90203209
57488433
14103665
41475064
37440913
83059904
51256779
90552112
4276073
96673383
21024697
3246525
74218220
28025786
35203610
30235972
55169857
81529888
5143116
88614468
83912142
7236116
85428018
63999326
34579772
34941951
73691323
84238828
2646585
52279254
1607437
68874818
75026330
81924042
9937955
33634773
93496637
26402165
87248518
9441900
73303564
92047044
76599127
76427454
68270369
25992751
36413157
5045536
32082791
59410657
84050661
70048543
80243788
85381821
8089618
11632330
59735977
87826527
10166688
61321120
3539570
8823570
10836286
16762212
34080676
37489861
36005281
52540577
80863235
49815191
69022903
59348439
79889498
91352954
31032014
3070209
31219018
32457249
51429040
41548796
32492226
94209077
27313792
50277083
88381898
85838493
49802424
63491429
46481084
95723212
87709837
31240201
49351744
58454925
58139979
42142254
22671922
4242793
84695018
61832816
65849091
360957
63618015
76291455
19967950
68613599
34465564
90756645
47999259
29542473
83229280
74773298
85311331
22066634
82167045
69621250
59034858
651248
4381220
48388026
38430477
80932763
16426831
8429786
1762778
33138034
21925025
91554254
17773466
92506550
77322527
3002600
58910295
91300218
50210280
63822993
94864205
32004008
39697969
11586704
40112966
40791302
13653840
63041664
70350966
71814480
33960403
76959861
10688984
96427284
39478941
2315436
66578822
31824737
34758078
34164466
20641782
61676881
1627205
58599258
21472504
51437645
19512650
44541532
67811644
65068022
45288426
94246333
76906096
94512648
72309251
34646580
46161262
87059278
18777357
57823753
71003187
85489234
87351178
25424598
52822846
20778551
4853059
8299760
52878901
85812074
55359524
7898107
46002382
6194559
3872501
84475752
80205361
24574195
28087974
50402595
42870270
24688456
42484607
81773290
33318227
7339396
85879232
41227485
11076481
93126496
82362780
68543933
3311647
55191907
46605690
15475385
5619437
98720739
32010326
31587886
37628423
89272806
34995677
83367417
59300631
48837646
86379791
29288888
56414782
90026975
17210572
23071921
13878102
22794558
30707179
23923137
43976137
29624569
67271418
43407049
3878127
38042297
77447156
61463220
25955959
63329399
69996527
78345276
44265641
2573931
28133284
77299808
9480509
1310272
73372082
84966058
2434452
29294879
73306570
30941729
59995589
30439031
53268173
5302591
94605154
49394957
80558778
68031826
5941919
73531408
73563508
66297140
18266836
29305824
38154342
29214155
30466139
7662185
91703188
92738789
54514275
76522463
64694378
51701681
502618
39746354
10958821
4431206
3302692
22389984
76583988
93022650
50565948
40697417
99323198
50800724
73309650
87740256
45661169
64990650
72529517
26016665
31482546
85251509
98049436
62896711
14974191
33786057
55345885
94056132
60813175
44591426
5931723
29291131
1253703
30456378
59206963
59968556
71107264
88799217
84647480
20469940
86195104
9557565
31053034
57104303
81808631
15027770
60805185
50317287
48550510
59485011
79852699
54139216
3795013
58447403
65965140
15441228
11090367
7527906
64213564
65276911
19047378
30802606
66396650
89765042
77138563
63490054
25037143
78948174
46403568
39429227
53112633
822378
8706609
51856692
1167837
40399024
5473237
71664927
35878783
72992560
21873130
94717457
7611475
520898
11186712
24504723
33831997
90566100
65275048
29090372
75787341
32220587
43246765
97776664
54125251
49202755
47662134
63876471
96628162
49281212
27443680
58462554
91431656
56750591
30881631
61059148
61048439
17455851
46520057
50442515
19590908
62702302
24366671
45946596
39193910
944437
68788880
71449684
48318469
70494971
52283527
71721901
80393482
49822766
36486126
57859213
2979264
19269046
70269006
30395287
32891891
65267900
55004923
96099835
72187342
35363985
12557319
10260151
516044
9214659
70391992
59841354
38351148
30371580
72147341
53263807
62606498
91956260
68188263
11718590
20442272
66495854
8690845
61708688
71687542
64312523
36690351
46624150
53595096
50735408
36749098
7886326
68215729
9617675
25699564
22704491
46268296
15543302
91428100
66060230
35781995
82305996
43894332
27757117
20591174
271295
11943442
65504818
49720106
73287263
99109269
1362641
680512
55908220
343500
4122628
20920078
16829642
74729389
84100809
842274
40853922
17679217
91486647
368370
75661471
64078605
86758725
4673495
68056338
5144877
55003320
98239275
42695425
958436
86765000
26336708
20746110
66334533
97152217
88264157
87895827
2850658
48492637
28640732
84808534
80474334
32872720
42357946
37062191
92319420
96328264
65464374
23091375
17955447
36130270
27169338
59110773
33670426
25648042
46736183
35920204
43964850
13680899
86979980
67562165
41229794
8632108
95629385
63845732
63420764
57250324
75520786
64948681
18409607
76032996
38609130
5030063
35482650
79109958
33251505
9940355
75112433
35524008
49912899
18897609
63899174
56762904
55876182
34577280
38005662
3414491
93813843
57603112
4279978
61468447
13395287
26395295
74619687
32803709
39530695
21232251
84035052
99339942
83698325
46640029
316963
93931729
393849
76004895
76471785
50042911
535170
96440156
47882433
86634702
93112024
5451996
9810633
34792199
89787642
28483299
7329374
99508768
36385849
17887771
72610561
47186580
92384940
67403262
94860408
59770045
96714051
13534355
43115223
94786953
92087769
29880523
961797
72783257
59688030
18939980
60854634
66493101
32427830
24846651
63118010
33408085
2757839
96711083
30125693
2350990
57383259
98958279
41568900
3725674
86986978
18964553
92236021
92395093
97455801
58986888
45825244
63052732
42667543
17033395
19914151
86724669
63040846
49857361
57286438
67731968
81635580
76997460
62934343
52590379
10901059
68474686
84002018
81357743
16643753
39544522
77802579
98761816
14836306
79716852
15061826
93931247
8076446
33806656
22438495
78260425
63397887
9245813
50268351
75382119
40239311
27511863
85263215
92298954
31445036
15851281
41090186
70170519
41389100
36377464
81408175
39070493
42660918
78148762
6736622
72197529
37505952
31673463
90969770
91924988
41407650
43399805
70634864
1229507
82722243
57700403
44678416
36402837
5041273
58541002
11575487
48709847
77587044
76180629
57936393
61442619
78072247
74100274
58540562
94395203
60814347
67888808
52367689
86964959
28206433
44610061
32759534
11390122
98801232
39401250
73887927
32750732
38842658
67630467
33496355
64984687
78650599
53396241
2208906
95247111
42964203
91921276
99569445
21427595
5595417
74370703
19339601
79625194
43635848
75286168
74118075
25940208
23166957
58557490
90650474
72006594
84180664
11425975
32833496
25060685
96825858
10498465
43363239
1716943
5274533
97660431
13846406
55571817
53413542
86304449
33890891
53864134
13908602
82617060
8899579
44003100
87658067
62625692
751217
38558550
59149673
42542940
68602952
48322541
44193742
74707788
44929397
6791567
11941005
7028156
17447280
98015054
65609009
62289536
14447735
13789309
14271405
33915048
59628492
91382569
51194998
4129501
85181309
33373471
35624097
83750818
81841731
47024286
63957441
286265
1952104
46164166
6380088
26366044
64167590
33207994
36372950
28167530
8881538
64735919
444646
28985548
89479633
69890868
67307204
99558075
10890680
63841285
84278705
67011750
32845065
44295815
75866417
50156233
32467573
90345126
10326886
15257867
24459680
39980102
47991512
46998226
95454312
95535975
2985440
8468557
72086454
62197468
13214875
79177488
31347727
41158097
5460974
93948746
74630584
17226997
68767061
77521927
74887250
36363684
68519899
57604118
37190983
20678682
32492515
88244070
84943915
28859604
4674109
10674906
17901012
59372276
94717619
46740947
17544274
91378304
90591684
10732108
46650413
4346691
7488627
28349700
83131373
35660035
98605781
55567622
77169982
4163132
94975075
68846716
23046366
13425155
93143525
43723110
73235361
58798260
14362126
70398117
96145517
80692228
69330352
73156132
5825536
60455683
85186001
755424
99926443
42107822
85106071
42123409
67223846
18721877
41846141
18888036
56896886
12982544
12696903
26244934
35629124
91509097
41116353
61048686
39302518
64969484
96890271
2760663
18523537
86257837
3652246
31711414
62511798
36994707
16425316
64310820
37991130
23390754
25591995
89539298
40182977
97901705
36108545
62593150
90924924
30422142
71785170
21432630
26181099
61589313
39316399
24046550
47022774
68096667
7768094
43941662
27619773
25799557
62815928
84537339
73644153
67806287
92085372
78825700
29252354
15595971
41093042
85702544
28304129
16753477
89033997
91220180
11879387
31538510
8659552
29999290
50455740
82165826
86880680
29512942
47592102
35326360
36631761
68232513
21153432
39901949
32647214
18566252
57879784
60062946
16407036
65610346
65986596
96169634
6844328
13645726
96761967
44360808
11087883
72200870
15173627
99722193
30458997
6843041
78576970
91880628
56042075
43364549
99581906
68893342
62211095
44110319
64368363
92207111
41053241
41508537
10313846
88710135
53693545
67331612
54762494
72185351
94417928
70609934
7069912
82526538
43403497
64152649
45564554
88541170
53040769
78097603
60360418
28030352
44507601
85210350
88257049
17624003
10358097
92654415
38859146
43314430
24008888
85421709
63976499
79248795
45645569
37103052
75536239
89032517
41943919
96894891
45453874
82444554
65180440
82617737
70915468
12727647
14702655
65528940
36813350
43213430
70397563
89192496
45277557
25895702
36353946
98201815
85885709
40100250
28007202
71144930
64180690
72288584
24240950
86693886
15190076
97626490
42994319
55733928
32266866
90925062
78814823
84568043
14663426
45588865
70972584
96195995
89782387
24742964
78582773
71164617
45010546
30814037
55553681
84113325
2148952
55027485
51724353
23255464
49428715
94280415
13411518
78796620
3580802
99424319
57463585
49089689
25550777
85609272
62656786
52804026
89891773
96817967
41313083
33323133
14371363
45366345
63549597
17426337
72842399
65023906
82974738
42235168
32611863
25438973
44088384
4295066
29550353
49864609
76981591
54488760
61714784
25727240
65549195
99179092
77076987
89764756
36129473
54540895
3307032
19286870
12781280
9453630
33685799
97630502
60057848
70948028
71288328
95523811
71756952
3095751
6132042
82543840
16624690
15053721
41192402
68908520
54695113
13216559
91092323
11739660
44232368
63452590
74090561
6515571
84564806
25929860
31986523
3255548
74280110
81082239
72702545
14916498
76215375
63649980
96134151
86794893
91084539
12200313
39969056
45004257
1347940
53122193
40017840
10895526
83609897
76209364
13494608
64411379
81145495
33668474
61888807
78789876
25214694
70603869
90250471
53971645
7596637
56072034
95800137
99923200
59408518
76176308
73353704
91012314
50734563
88457754
13803982
55402618
26194057
23723883
42454101
73955440
24710169
98525947
75607492
17481155
33243995
55465364
50466849
29607083
11970871
82541515
350723
4603641
57494429
88764411
38295670
73851164
50426578
99957102
80749967
76175891
98036092
44794247
33958194
86597141
78208126
60210984
77979025
65314577
40477871
7963309
56341309
22864176
72844901
95961661
33923501
94874256
66954424
28588853
23760173
75307707
6278293
67446639
96109163
90991616
6496785
2043520
58450315
53414753
61760136
86539972
92160558
19969006
9094389
25830487
67494603
15421607
13246546
30329804
10243953
96344492
77413756
98751033
85678327
64683687
64884538
25407586
41070931
58868679
74428138
37897736
62350433
70953000
42009915
36623512
32430081
61901274
77197773
70470977
28855910
34354555
98545724
8379428
4343378
2922697
49826630
36788934
21836172
59384872
50944696
68075072
29215160
64500314
35542430
22883382
79977627
99363854
11623274
28856588
5534352
20939744
69325135
88649627
27402048
76811830
20146424
15251336
84344252
17797984
24263737
59961774
81871169
99828848
76059260
10387326
42087988
43873113
59317310
99491943
78481184
46328146
28390455
76676073
18705468
12126461
97457043
88231332
43495741
32276939
63811557
498326
84293760
28555215
33348519
41254662
25489612
36457203
78907788
51447286
91693857
39446423
8681079
25875149
68249790
13277840
16207710
18608451
85337547
57931678
69438122
89237652
53305370
39093119
87832644
64407933
19728978
20102916
75944504
51106300
84917021
57898129
69561721
67415506
50847002
15412542
55854914
47720916
77247190
51874584
29852467
79241083
52378339
17444128
18034977
81305367
15812501
82026807
43825311
34144843
48438764
96897139
89854370
91266025
30859355
10769367
37906083
53775231
11637542
65300879
40173273
76473094
34204453
32662884
83401556
74520788
66965489
85778900
44333063
8173992
13463282
42055099
66058615
49063169
25398906
74275133
78258704
7007883
80785082
24663245
90086178
64964148
91927671
50481916
83430223
54050734
57128825
70770421
69002105
99634784
86966716
15762545
91814229
49502440
67602888
38627299
58677470
5391972
20855727
45475624
78230815
47985078
51398297
53565760
24201455
59879929
47123639
116371
87284096
44297280
36469701
56412063
80280517
39378288
47468100
99913151
1536252
43747461
82789367
57308616
56617680
25716028
99604741
23980604
26628167
7418065
71992513
34099874
29931182
80585665
20086940
53267282
91607408
83545995
18251267
23093948
50460175
51999275
62623007
13321078
97432114
86193663
29306324
9036108
82083658
24592179
79572452
55865809
28404284
28817677
91158302
14203578
38649540
35881832
90366651
56880394
4601158
46175648
57435348
28919020
47222845
78062398
30420889
47117920
97264061
76571279
51449290
25537458
2629681
9093318
61707033
57308125
62268127
31568663
18119118
98742472
91549400
29669868
73242073
35093329
98704346
96253376
84757952
45781273
38148476
73918168
9268968
15997598
65214710
33104910
61831218
45003934
30590926
72316743
2993203
37881422
50692281
53917995
62037135
70767645
8219499
29033917
77760165
46007680
69139224
78761097
13676770
74232717
10729190
99150245
73557327
1773719
50014211
23598371
45298104
69259671
32593557
9015997
34237017
11789297
54892309
20308240
20774287
42209047
62622050
79521581
39498468
27267404
6073047
25949219
23025291
35521653
76937370
91063086
84772728
14349638
95716623
56154012
69585480
76869799
90819943
28486471
56654544
61999419
60676636
67312293
53751475
85559761
88244553
67472412
48257692
32063901
27913828
60298878
97173630
52588263
54774315
96331524
65874367
19368191
1461635
16062183
19572615
21599969
75978848
77603973
45566164
1816752
66404174
56630682
47402851
86811750
12351048
90502641
53257437
6147577
43775215
30558004
18075014
49422650
6068724
85033032
9071757
31636007
69585811
85632796
10654792
59192749
51003163
56096129
24468114
35327923
66364465
18664004
76085229
25129127
32998880
39840235
62914807
82857160
63877938
19683539
32226071
99230621
73423959
67366673
37680266
60024828
46135066
23365366
34363782
68272797
27074878
16335058
99569583
65433670
73530799
11799638
28571538
77165941
56055056
73852102
50409902
2722126
89263689
75335240
27971875
77216754
77160627
82524559
27934440
709652
20762227
99153943
44878711
70410730
39093954
54098481
94680433
26627950
93468062
36160459
69391099
74032710
51248830
83706598
21919864
76537199
76853103
62721851
86360690
13199613
48720593
6852769
92107868
75997389
29700082
46534890
63356201
91370239
89187842
94373931
97000587
22879305
30187731
84667799
34463789
51947094
8521443
33839265
65386176
25914397
91951773
41220619
59168322
56911307
68800411
59732493
37696123
69322255
11408993
88112252
33441473
27623728
65078536
7810657
75764317
7343046
86279648
39845543
35662816
87264103
14793633
12348705
92587912
53011746
84270460
31125885
47499303
6221772
5313632
45180967
66469439
55011361
34866972
45018583
31927557
2364365
27282532
94976427
61805455
19508632
51845997
17198940
78031336
36202052
64155041
75575223
99540425
40207970
82454087
77100312
11025779
62219735
51153191
44577624
4805259
36050342
6886384
15803586
7336860
84565413
67143994
15159388
94876377
72433733
94779899
51972766
42598146
24473076
90808498
60304053
90017505
68598303
54651240
9687289
56839734
6296611
6746731
91854361
89481853
84495067
92934971
26058370
7480118
76120946
55498596
69780073
94182972
38934439
60922397
86982429
95550498
64593014
31681880
8893541
10460317
67853328
35773694
59321696
13532100
49891740
73491299
77368077
40161195
6820731
6133476
4101025
99123340
93001946
7679106
96062000
97427434
62749218
6303928
59992901
80913799
16741240
10120799
68174397
8489281
44327857
14403732
54352732
3633894
20154730
30795198
46280788
47282611
97097159
74888251
85407158
95408303
8517390
97037063
90823297
34952121
61996736
62366221
3546522
6608628
27879155
65950060
6433167
6529902
61429038
78995
42489905
82810553
25889200
74950398
66785836
96926416
60770174
59954459
71708996
48981023
81693280
56132798
14052939
29872090
71379932
94230712
75250167
2589728
36137679
34153835
43813830
25671552
96362221
12367701
23540594
30901714
33625328
56961163
39791551
46278205
92914949
53137826
11229010
5753354
77832063
64970831
91308006
73473014
76700748
77999198
55442389
51594000
27810284
90390035
61534277
4898640
20431462
96373276
15145446
71960585
91651911
44513905
29745848
36511464
98428192
45233505
90560052
69883638
25223864
64262502
85772307
35526666
17229843
32934473
77706108
7166701
74881109
7960523
92392013
76249158
7887012
82179465
83653190
71236404
33097273
45310106
90872576
67062561
77906447
21320178
47753698
12839322
16002925
99428076
95677404
72160474
32768316
10433237
99580424
42915791
10873838
24258561
80256620
9114616
9066058
51995694
52862439
411561
1312566
61608148
12730753
19056362
88819087
64137305
60086473
15309174
64825719
63111652
30258391
872615
64311971
50038819
93151975
72860095
22521088
69070731
33660264
47514900
60528442
79148537
68622645
80116305
48933547
72456632
67186861
17419974
92389405
29048628
29992158
91818801
19049611
23688868
40880662
6980665
40216310
67544398
25889629
32247465
21309614
90581882
16422792
57606318
44365483
12980502
87570917
92844918
92452240
77739281
53967639
89782125
9925359
42956017
66353694
79724575
32046591
93124726
44106061
15050564
99994486
84472829
41354970
55473635
8881523
10345345
11188057
10004671
91849840
55897058
94643502
27709090
14402698
30019223
77333121
4471206
44586242
19448593
10983568
52282913
97128621
37569826
36121384
87723142
28008654
90025324
46361240
43718205
2459319
87290233
95094942
72332074
5222225
65395426
65480139
4835467
2655724
36549226
78650516
90247562
49954892
14984360
38152659
58152245
14967162
97747272
81513685
76929788
91889928
73496785
57841975
10942503
67181769
41815927
18568220
14379535
87163902
63593376
73880267
66783397
3518448
75555442
99230725
18939114
69077313
67445602
23977704
61256133
60368057
49675530
54948311
36984183
40681164
17606882
4128860
85550106
67005153
87309523
43580112
24263400
78193274
44136105
78236050
64932664
96820986
65655908
27219589
45101540
31748206
7683420
1063773
37006872
62324062
11258582
24549277
73271529
58969681
35043649
56133881
44833176
17820975
51224297
49559488
45445136
94290248
83717855
4634487
97934998
77192705
55738140
35248603
83751753
93007086
14599777
99264375
40378036
18771170
74643216
5585109
62282048
29728987
38691329
31300304
30861634
50041202
21890883
99079534
30012768
21517233
79604783
14480730
65177548
5117899
38613278
10550461
36462870
31132904
92465882
59087064
20097825
23154512
38099749
23564741
43289951
78754838
16860148
42987176
57360300
43491532
67591986
1844771
28575360
45866963
22040016
21001797
37533748
64749027
86793384
84397371
25749183
69528515
8666705
79429790
9025902
60868251
35683202
18851252
33672274
92432601
97771670
4646653
69616008
28171115
4814185
9980355
87094617
82990484
22393955
53563763
56021619
5602262
58444120
91505676
39216831
90083630
63087675
55157395
23994224
12618439
71288824
27345749
75579872
62007222
23226778
25710613
29270229
84234694
95142264
86411876
92128512
54953390
96794736
43135090
60708785
14322465
32280678
86487320
54378192
99503351
80138261
67837132
36129818
66032962
16395529
93199131
73768220
98891137
66021781
46567443
24739656
32714830
19012058
93991164
90596358
63308210
51395749
38987182
95901259
16578484
30046368
41938070
18109784
67336160
15350491
27417511
43387635
17810461
96787315
96329399
73848765
87434403
6019337
8959998
28082415
8656221
20755230
10422856
52828979
30694504
35423891
83045030
43820760
31146483
67253732
51399859
22875441
70208892
62008860
73849170
48834576
49318199
58202922
33653876
89284827
55536071
41529469
2313439
87722145
63431266
14669775
65123551
42063865
13358312
34287020
29013024
80420294
65791865
24972900
95518970
40275722
12340309
62607386
79461909
41112405
37168049
2336282
62494146
366024
97156830
43221163
8913152
13813362
68042716
80244835
75589011
37709078
76928988
42810202
87462784
84924303
78491671
53733088
88560869
28464493
58121874
51911048
96643741
88924774
85547564
76790771
49348303
84590217
47465559
5738855
75773063
51346585
67454973
424228
28657730
91918614
14965801
9037328
52149237
52186106
68220932
37396961
91390079
97036986
40079790
30444458
92556841
51217400
75898295
68777770
67012794
67584091
15024055
49310769
58508357
57524119
81468148
44302907
47314554
74463379
90660199
73150776
1075846
12443664
48533416
90476805
60400299
51658285
12733417
73335571
37135181
96945607
68161624
39602039
36138556
13109023
13687178
79883721
87985575
47077218
48007234
52074298
3875678
30852310
70773525
58958556
76667697
9654
66391201
90808819
21830833
97927013
28044384
46988674
37176799
16294743
44089799
99389878
71640714
82092338
85970434
42159721
63073731
65810225
1465959
72716240
49485868
39321876
30397150
23102374
84884734
43384753
48147277
51408963
68824046
7114962
27168690
5470423
27027019
22441982
72233118
41674605
98002231
66680147
6594103
30970253
29438580
55217668
9032638
59148516
53584104
73123425
75824353
7578891
73557788
10857217
97880322
45852222
49132425
98672446
79440079
64821181
10643086
80083271
56621102
49618756
91078537
10663544
54241308
31656148
57012580
81068955
42016450
71358976
85121772
59490513
64847264
90010906
81716716
64074906
48648830
59205330
27086819
60113798
54966480
16255400
60572214
30151626
33368477
1585553
18543569
76048791
16012654
33977486
68473069
56594204
57560388
85382254
80363366
28226491
47829349
86580265
58588445
56644108
35846907
3357714
89292051
49669565
58396599
76076460
15814187
57231153
35901323
25339924
36783926
88141251
32110990
31971438
80376410
34097154
16759213
80364600
16335755
54719391
88219229
34358430
10712771
77793770
61286629
18118656
62945634
30828944
11702656
25679639
34046857
92760656
80258820
18971210
8859690
30806316
63255394
52390841
15499138
11071418
90742092
97733165
26447110
20863708
74875967
77577792
31347420
31348989
48116576
64517961
50958920
66213592
89445453
17109709
9440378
35389514
84324895
95052539
66789283
32512415
87707295
61804740
28602396
91293604
69693566
33773836
59334592
15966774
5194552
77567644
18570359
1287194
44859878
36984975
8280498
34960319
10066408
80545420
33279993
30906747
17670367
82620142
77235045
47280041
28108938
30262680
58462584
62746406
21649027
61307626
445280
49976023
8031985
87109047
90840849
58193999
37112404
46110892
19831154
93262419
44091054
83012989
28023010
67768079
24169693
42149074
85890386
21716982
94126449
60330848
77792271
47462644
7368077
36636449
92366205
10554235
33087533
50987883
95339547
25423988
82858115
74558620
83017917
38913054
28138137
20851089
76075899
41637732
29650539
96954195
69159815
83577888
26273420
67002355
57247745
84162763
19705168
12979434
7433440
62609699
13462083
82760976
78803455
82695651
99312793
18878472
25791107
54686379
82424647
4671030
84582461
32856028
76126952
36499227
79033567
4091702
48839914
98420301
15223582
98249905
98835179
73745476
27862567
39369033
11594485
41833461
77714205
13816208
98182540
85203706
35067765
16674918
81016717
44569007
55773138
85650651
23274393
3946128
8340012
16743525
78063739
48234029
87522904
28831301
70256646
71634493
46383857
62157627
8288001
88216898
20924079
44399158
56475147
72482216
56982187
47195846
3508509
86007201
83879411
21760111
55598665
73732473
70257548
12131957
81058514
51519342
66509336
32735623
53047609
75672592
64723333
71013027
61747302
51939392
72248580
21530002
62788529
96476256
96615579
84944000
36250849
80519429
63835508
63682095
43382593
54020819
1337169
54262155
2526111
35790842
3424219
42574937
20670084
35088931
28273396
7030156
8008038
5981293
10171573
34239850
6321485
32450999
22393043
80743134
29774100
42369922
75835543
82820253
39286793
2647127
74023842
95528148
20369535
81230409
70881957
15555375
36657717
35994966
3931250
32391266
76412411
29287828
97102326
59196342
36442974
42408593
43670056
22226442
54354210
73776780
75019929
3544483
55990523
15211641
87342569
58233075
44908651
22378329
57436677
48228935
2332486
19717201
42935616
69987375
15856073
66064064
45039037
64847070
52340493
25172571
39592755
16206108
21254485
21423245
1797817
92116496
77171790
78167994
59933535
25018628
49969369
30133630
38928040
7026916
49019168
97528510
15986454
11357674
84185507
76643139
42511169
11088120
39976735
16011143
32143683
43665605
7503175
74180610
25062026
4559020
33237307
88596066
70070337
15993720
92960672
34342222
12496500
77842235
41784229
72346908
15474689
52364464
62566166
48524781
42472860
72785575
6513909
79196916
84025960
79403627
60549141
13231536
70606404
71327469
41145941
54261059
38471814
61769086
96384705
53644370
95716207
94746078
23125471
51336242
60393507
30768958
94059840
19527567
64635314
91023085
31676349
58902377
12977885
17612790
79529533
64007684
65358068
5506088
91663785
65585694
73297194
54654197
808859
19151983
82811938
50597168
23565150
29611122
29929825
21056341
53604866
58668744
15176683
71403038
74002449
64129443
88245882
55275940
45776220
12978419
66613857
49480801
12966314
51738123
70280167
5370466
53868409
18159105
29164064
76966710
32421514
86903877
26527086
77683922
41591128
76757265
60392918
33318471
31141888
76735681
59731361
96919072
5762519
46413139
7604931
51361018
88980415
96211414
51702760
87384289
19020828
55068644
13920731
96613674
79644921
83549457
8182507
7126660
79469895
47092143
46038361
75264552
29868842
97841460
76249517
29073629
64607420
25313444
1150542
13743041
11316265
52710201
84869030
58275461
32623201
28621283
15825796
73047408
32122838
96248365
3008354
69263400
10447426
29248858
46212448
71254803
12831390
94118846
99546179
90291528
7976881
27914627
69224563
55635500
58502395
64286291
61243604
72269902
26226430
85665795
54339269
46081456
42226616
88767752
61442543
98466420
16686464
12761775
30467251
44293007
82040269
36542696
14161967
97733121
82388131
47042039
69763505
55373570
9670638
71789601
23075861
67832898
71891953
3975296
48786499
63409255
2558507
37770780
90938602
24591095
87986944
65723689
24740619
12252041
4218726
9897743
77487399
53827889
25369936
50803650
12631551
25072538
73282241
4807605
86766492
55544663
79114226
2154603
38492712
53602513
26498418
67671720
53096989
71534390
71914376
58204575
83206131
31912792
27275937
727195
2009030
45056781
12030354
24142091
50762885
86095805
30621535
972952
68781865
21554838
92098256
74362481
22372681
17320643
34735338
64532917
10762321
92026555
66646657
30338591
22690905
94169295
57384356
77055493
63564211
35135198
37335320
53704033
78972725
18370065
77474828
28004954
41647868
13968924
9758990
40647390
55714903
10229800
54482225
22658110
75048052
96912908
15033450
76869297
3105239
88864356
1501816
31422729
72249446
38422972
22294424
33917583
35623522
1958060
32192695
20064213
55120688
35303102
75218484
36988303
59099616
31182008
14588809
6994771
20922953
83818924
34596408
12343590
86272939
86028899
55409030
8948328
85395962
67756839
50588760
26531910
23100238
83576497
50266951
9162630
6484829
80726752
79374054
95289574
33921362
57969715
20899802
76828591
18982347
71157995
64436858
75259185
69328487
20831932
4662545
60202792
43373809
83026666
43411896
29625943
23352996
95948008
45792305
64145590
53014759
25757598
56147797
62524836
65746253
40064240
42668305
60223734
88950644
11771005
4582914
44721218
8635965
93331539
70703357
67767698
54756900
45516692
55311695
39228685
36870504
7541165
77134361
51978127
26378692
49774211
98632599
33476068
10443272
52628144
74041991
64472599
72145199
53121137
24729043
6491695
56546911
62190533
91711463
86370558
20632098
61723104
91247943
53006155
7144805
83048975
27707546
31088821
14451201
57088962
66754090
95718327
78503456
19037466
47925908
99817441
18069194
85334512
17883734
95445664
11334021
99232341
21266724
283384
76140624
93819948
87916146
10143622
4066257
45037295
53031091
35354565
15966460
8784145
39327344
94829230
93265136
57644860
42109052
50606706
71109680
66553042
83818232
25120565
12946410
17508351
68311063
92028421
77190900
58147138
85218789
32550861
80287376
25289309
14046782
56324778
48218650
40918552
88007815
89846160
9434958
83023923
23021584
21611065
97639247
13798638
32743413
72450289
57680023
1829234
93989183
61993151
26459823
13153979
55797994
43079168
14879269
78973371
3931893
64752407
69572184
36488316
95234773
60775085
94026973
36761350
27351655
64608952
34194905
97054977
82587653
52258604
42716924
28552048
50464128
57618676
76072387
59249183
61216633
42697287
29100871
94474801
86253731
51192791
30246819
41270187
7148257
19440072
52918278
88390877
84448019
24890744
43091622
91404870
93402855
74055433
51357183
88739447
56050604
69112369
30898302
67419257
57568325
61695520
41123484
1815783
65091035
33505719
82742947
21500079
17806850
48561620
4162151
44292807
46324364
30916578
3970012
66640221
93037934
26435786
55884328
26053834
86257362
340520
33195327
63208538
91265496
17752613
35513492
70294989
25696606
5534083
61264660
88700213
16263620
57265506
50754365
63397591
51242999
18161547
36838721
63465054
55937964
96820177
75474401
18798727
14509231
723114
25416496
58658651
19030580
78095797
57479772
30047863
39835156
1827661
5304072
53807060
50461949
40585560
56067857
49499968
33461738
58580269
66924590
13550738
65009647
61919674
80391864
45933531
25581350
16583620
55551083
92356712
36916524
73430417
64251174
93122260
70173243
30163276
62390205
59867889
99529380
30460591
95610263
46938385
36678074
68383150
64563438
50144543
59503611
80648995
72379383
4833471
35101703
80967126
37592489
19701392
13910836
73231494
77817164
34170769
64259678
25797572
46310027
74141846
42887903
21348155
58219094
81686224
11158698
31513069
10595221
8263209
63849874
1786799
37705779
96423630
1340520
64476418
57025916
95924930
94429688
63031803
76499644
68247964
79841538
23626305
98054719
60883924
72130723
21702647
99645833
53601630
48604046
22388486
23782064
30551118
60928884
79813723
30473004
99681003
18778308
96939491
33126181
62026689
79211043
85185403
1704449
33292969
32239517
23667905
27965492
65743703
63726897
70628093
32131211
86741465
94091299
25279546
87969560
56871249
7458607
85420562
87442091
75162115
14753093
57010704
27631546
61437626
43985153
82828780
86162830
96135419
26094621
17471272
8500705
25593481
9553743
86169883
97933100
28971973
61816593
77753323
13317363
28547407
20789181
48454889
82716071
72643556
6844674
86802026
33011200
405962
97192613
55264000
54779891
24307923
19164958
55478229
64409580
97076024
83881388
28369996
18961614
77180968
17842253
49207311
94676682
66010220
28078341
67388427
15092148
18153300
49941089
30611701
13894379
93042424
32837063
74554583
85723651
31063706
33492518
70602130
17671502
67530213
54631084
90911673
58073655
42225961
8248058
42937528
85313843
16624867
17229932
80202634
76477819
52585863
61977822
50204979
56366161
51033577
22884085
62911385
59199217
8419653
66310172
98879191
81370853
6396575
40155497
66842127
54819829
65555197
79371192
67288511
31281944
13994250
6522815
4119349
63702985
27629737
71389556
30384188
62311977
9699102
27197205
43159433
36085198
85997837
78646732
64303868
20718487
76615829
57360802
9915046
51023614
46115263
98529588
59098186
14510644
55933474
8347120
67531622
43611656
54943045
2822084
79843704
60164443
99906944
64087038
20067258
56458109
98060889
1370180
29759321
40909904
78035861
78136810
15752120
97929691
48622329
99450404
26141326
75627265
26114495
791919
49914510
90274530
61958225
72126958
96732662
42588125
99236555
60604389
22967487
12992571
44922665
57104233
60073790
9497115
37378987
25365526
30237523
54231949
24425931
33954578
51159751
55983865
45454309
84775515
58028483
84836036
46775684
85199622
70454817
22313996
18850872
90853917
30125055
29198704
95933524
91773101
30236920
25354799
24127439
55064870
70276834
92204658
35879041
15945643
10146619
44266168
89699554
460208
28909941
75467308
6749720
44964707
70498103
83775083
59621474
31197509
31640202
33476023
57398562
93952020
27449456
48311835
35132910
60562168
37341945
49045613
96876972
55032414
77435761
86744774
87493525
66449258
89774842
48734412
30181190
11634443
50825559
55039662
51427182
30723394
39426012
21456005
6008600
95453967
55584364
97109158
91414506
28548194
83082224
61202867
409144
5203998
42959415
69457358
59547344
71364628
78807962
11596384
12317776
33385648
68260453
15599564
52759579
53822481
27936955
53866222
50327628
52017973
11659303
42515106
34994670
73405633
77903727
30586528
43104388
52208307
96682079
37378708
3163502
37365874
58670933
18595886
64902475
64426168
12139195
18647986
99056105
56079058
88130043
22065485
63439875
22309392
22462671
17365647
27203017
39484859
42255243
31113015
85933670
49090667
29762243
71161489
2631449
95446990
1607245
46664182
94583247
57668505
37081655
13288575
17538225
16229721
70337589
49843462
12972503
41303663
71058871
49264985
20650823
1925645
8318534
48120766
50310184
37035189
91922400
23664451
15805447
91853719
83884154
52816600
29391263
68652756
71234329
69517138
20819213
55689364
48483039
16627568
806252
99725854
6163340
94390103
95782781
51240890
35635252
5878694
13079437
32036446
30012077
54933532
70771344
41548836
23554138
55807271
11192023
87766965
98466322
79344801
1748415
4939278
86286935
37953590
64955685
2119473
71695095
21190637
44615515
18991901
9814656
78211949
90034648
51035817
42322062
40942442
43565585
37909893
24496877
56678829
88177855
33642021
50092420
94076065
610989
92168478
53972323
69391919
96809625
36818530
26558573
47801861
75888876
78309308
68091835
39856417
68772957
80055881
62633261
81801828
82433909
91298419
40940633
16448201
40530288
14493456
98311660
64170751
64761975
32313899
74979836
95283733
85941963
95496935
69424367
5659584
95351312
45803309
39055705
49164359
58838099
19762767
29898655
3827021
38929845
48125206
68607499
2794681
92339786
11104300
84361903
17534733
57323723
86086362
40183869
52398367
78850941
95655632
65887572
64333154
30720732
38900878
27532458
65579221
53126394
74162419
80723575
17452981
81530603
60863163
52190593
54279789
28274642
6563988
23840193
11991427
43632303
36931708
75228702
64015202
47152995
70580367
72260275
42469254
11038945
16450939
87230788
99797206
20254581
28849215
70043226
6948414
13557055
49517447
54784779
38215311
57846391
488030
49587793
11842708
30389329
7823277
66131004
59594480
9457943
96353958
20065308
85971531
86182476
40307943
77589172
86694018
32753863
27084660
91831653
69800467
32222413
59657821
81447110
60023002
66761379
5922816
1631929
43924159
77330304
87857258
48156019
18104268
31112657
50920470
74302045
33465751
55282776
30571307
67846243
54476782
3124554
41890816
75775976
70545399
59176292
2564645
37782503
94939104
28182991
64236072
14581372
83100530
97025203
61196276
14234372
72452902
78714794
17877284
84502144
52697617
8779160
44662620
97457775
65466133
98806654
61600394
13691597
71664789
20374651
913024
66670785
79209156
72426493
22219700
85069
51715413
46368421
3505969
64056581
8299294
70299849
77960163
50645730
39133369
11878603
77409297
34377460
45381485
12990853
34610823
55733438
70398732
84632991
41419400
42056968
61662411
82609038
19009223
65001304
2333032
53522031
40454849
45076203
82240735
34184634
45272900
40977387
30206866
77251482
14630463
5670111
94994192
94082360
74093642
95394241
454633
26109517
79831702
67020899
32517886
436104
49405713
67728004
48189131
82765636
84197408
40751138
95190947
62671555
98248585
24464109
72526763
98027572
96149385
46209825
69245619
39894754
38149396
94644185
52035966
22599941
40287187
79462645
24815570
41896355
30103980
75233814
43734046
65871386
6570173
79287089
82637973
62752945
51924391
80337430
67763259
85053885
27456359
696043
89048740
4091981
13031020
50171000
98394500
93522552
11186616
74309308
50762620
42540862
57602380
16978861
97146529
79400886
29532323
24473329
28108798
48146683
2283157
90859577
93110459
8005914
46662743
81627959
55562998
37032066
48019084
9282492
65528489
55241547
80031061
28194864
30398076
44103576
60059975
94858090
16873243
92412546
68113781
664059
39786929
817850
2763463
76211506
75387003
47663143
74150360
24078149
81324996
2755703
88152215
98765635
33325830
90994585
4199967
39103769
35982958
56384779
17197245
14141813
81527646
7585989
12296213
94720658
34710040
80955554
96554235
82095993
25767354
80232722
67850175
14192023
66483677
47720730
69433004
12543637
49466110
6513427
23375953
51536251
23117780
84272336
54229417
35877962
64444297
70717317
51601484
77468114
48274135
24389969
43720012
99299715
85491829
48398286
47135919
66668765
99256762
38708453
19186948
34480129
24821505
2182488
34980415
23619463
74682622
77179478
65491914
55430743
74159209
903625
22277280
423856
71418526
62865668
23430143
99418110
80185756
37251448
49447072
18741366
11495343
55068853
38678528
17034897
69707653
79929554
77638615
94148841
60524907
55282803
97791873
79095080
42245336
68472140
60416176
77420102
71114189
12177869
12424125
14368373
24997392
31027421
78685152
12136221
8244831
67365438
86280098
53291347
28212437
59474371
96864890
98878796
63845597
94289587
6513724
78385982
91047507
10915509
28588792
14737453
35021205
68747765
94484843
71650102
94527208
16932093
34846763
7684525
64300269
1465115
46885249
62161546
35558838
30092094
51004574
52694940
54895694
67887431
64992603
81947397
48373823
95007177
48322807
36963669
55818935
96954723
54855222
81113416
29591051
6604024
23294301
72468843
21191838
15017188
94818042
7114943
37562086
65228813
62562529
94379527
53841064
56525681
94357781
49327575
20460564
25349196
32246428
24894825
48815146
8917435
3912354
1088976
23204463
5235890
66475243
16509043
82480634
30604232
41485194
42547317
33605987
94796181
19316516
3001444
71823798
48671237
56938842
78382730
28622146
99102591
8457577
71406867
56011735
90211912
57362589
62886979
78475893
60713177
93440747
42313837
87244354
45151763
76656832
49979606
11840204
44908451
10975878
80299363
29759867
88980580
55732840
89628338
94968259
33188140
42193715
26532569
25632931
82625953
28036667
84509396
39684744
98425791
39561909
16830338
9328916
90017212
12056461
86512738
32190447
29876282
95909526
45639944
58503522
91509495
56465911
54757444
69567391
45181640
73616124
79897230
67383487
98590846
52810045
48062896
39697117
59849828
70328377
78398499
53713575
62820189
62218100
92691678
79864058
41912368
90968569
8159128
86699187
31144139
87585548
84842539
96393436
10444779
19559343
89004453
70487032
17907165
13434175
84866868
73420973
20087552
98662499
78529315
87469527
87421166
85008837
14045846
42326674
77708202
29148527
70640516
28037898
38255997
96131717
80800985
68289042
28619116
41355904
37196207
13992786
68223423
79687323
63634913
90653334
88002230
74351775
32029633
58048597
60148233
38400219
18790484
73118612
55201013
86237730
15565442
44688184
69417115
59559277
78899821
29642745
31098128
17987671
85130045
37509472
14910426
13200054
76892030
65867187
8403585
44018851
81164961
51433667
10996940
54621855
93401901
76284063
35125038
77807481
43639014
81977939
20821381
46620552
2169282
44779631
72418737
69751400
7416172
59956510
39678462
13684924
49733787
64261869
24783712
31668852
23722704
99958213
93001645
738459
19734473
51282549
32426909
22850120
15602424
92331863
42937680
54965825
47456065
55538141
34668484
28717718
27532818
904063
17194997
50963272
67789247
40970901
44732899
23299846
14039285
25295801
10712624
62122530
23332637
50430636
88042278
34051249
74497665
42898202
38921848
57847451
73105342
53068525
40067712
94392404
48913878
47257827
23417499
24351495
53324074
56397957
7189663
92933108
75598450
55617433
2227726
34574987
8704861
16886858
13287491
11627905
86962269
76476498
34563228
28013165
27052580
73382997
47009142
89029014
48368268
90319860
71897488
85984686
72702433
47068452
3744639
14776041
17417949
7916975
67195017
75849756
94378973
73843918
13196383
46589010
92873112
98621236
78556084
43031469
549699
29418046
39627988
56797614
10500318
32918987
47907585
42730514
92645333
93876150
25387048
14126061
62844708
72653508
13288180
63082932
92917179
8997289
42974867
88151974
67880439
41681369
30678201
85052548
30375541
18179499
536576
98837658
80616475
67720623
56092772
9675027
42319800
87991654
80398995
72237481
99850564
64897621
8610992
52182133
67878409
12022469
74574230
27502538
98364911
52861068
37000920
37778248
62565350
50595646
70534227
27461198
14893230
64361421
90931563
66113201
779357
64703633
98292985
49316735
57552155
46541001
74007727
46482405
62128366
98056395
18219052
37804998
76969799
59502660
49959680
39759065
18196686
20548508
66693277
32615454
8920236
59219489
11283077
67803911
15617519
54017860
33488833
91267942
40901096
79936519
58060024
27431106
42206768
74846881
99100748
16384425
51731636
40672856
85087449
32769609
80034009
50763420
20430771
66854648
15521303
18410568
87925393
26927165
96489617
95389815
73109742
90963788
77138761
33846860
