9490539
7244243
4068218
1106645
9731568
8769704
6834365
3157541
6060680
9580568
9987957
4237921
859777
8303688
2765317
4022284
3490001
8984251
9237488
2682224
3609632
8783011
1525202
5343047
9957072
567944
3039909
3110243
8379779
1058336
5344157
3365378
8337776
3839325
7752819
5787081
1250748
4911880
4682899
3506815
2777080
6510500
5692429
6906036
4698206
3897271
5578732
7052948
9436622
2376741
1309005
9775774
9715978
3824433
4818155
1810009
2236679
9497041
7745847
8809065
9222244
1818110
9811975
2386361
4394861
5104660
5402203
4103043
5464446
4332609
5119849
5253896
8103648
1098766
9701959
6707153
8169067
8198424
7599810
4275889
2089904
4874602
7478217
9278374
2024673
3125033
2556501
4078475
1833131
9495214
6176277
712209
6764773
9410641
1015697
2312668
997673
6529268
7092069
2288421
2625331
5733491
8208422
2799311
8542187
4388797
7652625
1638381
14213
8756495
2174632
9085086
6461061
8022476
139049
5041806
2847994
2141503
9997191
9682944
4187507
3625261
8984385
310998
5958242
745194
5503102
1051136
1583928
7194852
5102578
8560413
5813848
5373565
6216521
6676795
1719368
87768
4892701
6056154
5513240
5553199
258384
2503540
9557317
9722576
4190821
8943847
9503371
2767929
1836376
6096822
4155462
7101715
906786
9911429
1602877
8956596
559619
2964546
2470286
3524481
6471570
2393838
617631
8997788
1669155
4415779
64448
5623402
1979036
5635912
3911236
537638
7563871
2648821
5262014
3598385
8367873
9772025
6044274
7741092
4770956
7628252
3369357
3588642
2546741
4126103
9233419
4474319
415204
9766939
9477049
6815120
1194505
2307041
8336757
6116101
7388737
490537
697002
2879238
719389
5197981
461740
9473380
7749483
5576615
5532394
4339209
4412700
4982233
4206754
7002884
1667514
61149
9973092
483079
4559018
1820351
5024920
6853433
2551387
6920663
5814338
6426568
5825945
2102915
5333378
2529373
609522
6865963
1581520
9871443
8214311
6852936
6246385
5680602
2037237
9873338
1679650
3375109
4490635
6903712
6207991
800191
9968051
1707147
5416787
6720388
3521273
168820
9248461
5062996
4319503
1499607
3802938
8378953
7230469
9494524
4937659
1426841
4438632
4279520
1182568
9663804
1634563
6215625
6312327
3361953
4600199
5318102
3846799
7684655
729571
7417329
6949204
4461910
7845040
7624580
6581746
2445378
7976548
4697741
4375867
1313013
3841722
393258
2396290
9384443
8152452
5030770
5596238
2093938
7865645
2477965
7774640
509687
7178527
9802944
952568
8253233
357535
3056695
9835149
8200552
220788
6516337
8876225
5079328
7995787
7328943
5406669
3641802
8837656
9397713
9931400
9550848
8578534
9218648
5728581
9944901
1496510
3753698
4974828
7420339
7344573
1535170
7410714
3889878
7532083
8081105
916510
3594595
2414602
1857789
300561
717724
6857966
3284914
9466898
2463862
2159900
3165717
6757865
3195424
6145307
8684758
5835674
3179631
1808239
2422921
2080177
9928778
3020158
9140391
5013665
7367628
5229660
9535914
5241526
3590006
2213894
7247855
8044652
161005
1947227
1859579
1819447
8478459
7183163
9764060
9442679
6163842
6025977
1192388
2293299
1880950
2504689
4178064
3083467
4752786
5891009
4938694
4531821
9374767
7797274
4607094
1633969
5877534
1379658
9778952
9689526
5145861
8525414
1739603
9185094
9174447
3535713
4917905
7129535
2550813
4274389
3885378
1875049
2406879
2955926
932771
5498760
5132827
5009003
3735645
5656681
8160869
4459289
4710160
7371624
4038523
1871781
6179195
6061681
5995644
8663996
1857507
5515554
9005678
1361464
6600889
3338274
6825306
3924833
4255821
6973955
9934279
7141447
8143364
4408112
8126284
6676273
1280352
2472450
9262026
1682905
7969240
835942
7759309
7315446
3082147
6336956
6336901
381662
8262103
4572013
6903113
5809323
7086759
2495345
2499797
5049956
6123394
1698498
5452034
240968
5360499
6274478
6113811
4210677
3460277
5971166
4478156
5070583
1182290
5794367
4856001
2619991
1992443
348903
854138
787001
7499609
180641
4419891
2095457
5398683
181184
7356470
7548231
328919
3224012
2095683
9619923
5505919
1575676
6355266
8030442
188303
7209267
1741407
7755222
9926481
1367494
7494325
486729
9951994
8351291
8820865
3759399
4319600
7954485
6314621
2381260
8454971
7201474
7304339
8715425
4595879
4118881
4932828
7512707
8016092
5147246
2805490
3001294
6844671
1969291
8616330
8027916
7518380
5119049
2808104
3478383
8145725
7615936
135528
3157544
1079087
6019912
8333341
9447261
4620035
493612
1494878
7177068
8858336
2618659
4104437
161326
258597
4175284
2162415
4466989
5494905
1944802
3321875
8258386
5757334
3221650
5876398
4341338
3184920
7590466
4433128
3485473
1459336
300510
8958681
7349463
2879521
3329287
606312
7912739
6268257
4600830
9729848
6311162
3671708
1390591
4881148
6135872
7966803
299546
7099181
2112685
486988
9792292
3100517
9476850
7159345
7430898
9823629
5583614
1742739
7028587
9853634
4996224
1750689
719004
9974979
9621465
7402926
2191421
4460236
5410318
6569473
1131276
6411638
319057
4800756
8449307
7924447
2443238
1620882
557702
66141
1833002
2874256
2308730
4539608
1271895
8510626
5286267
615160
4232501
2263512
6057544
2407567
6009820
2040730
1310777
7153144
3032325
4203725
3901299
3020953
1644077
5970006
3606425
911243
114051
8935432
7450708
9349779
4585024
6803372
7386565
9661947
5542908
7555765
4832386
9358604
5362700
4169037
2456561
8641933
625433
2431213
8323055
238110
3109108
1140766
2700149
6241201
9330586
9366814
43100
9513906
7636535
1446022
1601640
2636836
9366923
8711965
3100967
3617668
6276617
1158608
6318110
3834187
8864710
9698334
7229565
3581463
7696716
6076216
6025684
2579812
5944604
1827804
7438460
6960992
7412527
8830367
7159328
5579010
9890755
6780787
5905214
4489025
4894939
5110554
7767331
4617635
3365157
4484242
3792298
7182873
3832239
6480230
4188273
7878407
7009864
7928436
9961427
9190175
3690105
3703714
7021183
9221795
5988768
9287568
8766924
1844675
245258
458412
5572403
9788845
3204181
6105529
9271238
3267861
2842458
6314742
2642145
4900364
8828903
7320792
3695571
6352474
4047574
8402211
8643674
8776008
2807688
1421891
7278145
3827555
4523188
9583143
2814304
9033417
4701108
5061212
1684086
7281873
9837917
3403003
2086239
864243
1861656
7629369
6872957
6710456
1885790
1553433
9224957
8975481
5185030
7717303
324315
706953
142789
2271586
8310948
2423250
5529708
2848309
5732743
8009758
7682708
5069324
8765072
4788302
8998188
4301141
8860912
7076677
8114560
7848883
1183311
2354781
2314578
8105348
3590761
579577
5277377
2264949
9510212
8460289
1036147
402325
2309469
4804262
4213690
4536862
4450220
1928039
2345584
890518
7872714
8821631
6727892
6104315
8477381
6328458
1692488
9388232
1694968
1502912
5831770
3921340
2291087
9520253
4244203
1875753
8781412
538711
533449
6546484
9348306
987151
8020549
4387720
6012046
1499771
2530705
9957314
8128333
9784815
1431564
4312367
5623350
1807463
8150168
91743
7371730
565622
4384529
2003058
1446264
8739722
540516
9289629
6515667
4757521
2654338
5346441
6412486
7537129
9636708
3285003
1248448
7386350
7244721
2254397
3551033
8149911
6875056
8155474
622347
7550010
4685170
2143152
98967
4292405
2161879
7381147
3049695
3310495
847909
3137801
6972217
5118083
3208926
5149305
2997627
6380538
328136
5118431
232551
8478412
3869506
2787107
657829
3346269
2503891
8397844
7441781
778019
2939282
423480
8319780
909181
8761830
1294550
6613162
2719472
2558317
6542675
6670478
4085922
72101
3262311
9231923
3549671
9680265
7655714
1231724
7525357
7327958
7445143
9589042
8464279
4469603
6422014
9647687
9154274
3807511
9876839
4542915
9805540
7945913
604421
9833002
3215035
6980068
1467070
1185876
391300
1691797
5996244
9393484
6865796
7572387
2892707
8215991
4516578
3990633
6672714
297272
2702155
9688184
6462314
4011555
2586186
780747
7407817
1433742
388819
3089741
937747
1754793
6042449
4428606
331547
1123142
5052791
3563643
9497912
1812770
1642865
4423876
3990739
4809439
3758590
4818245
9464711
5898297
1499600
2160572
5977011
4156765
9610833
7796473
7153215
4146692
3364698
9152115
3330283
6615406
4786597
4261284
3165511
2493854
5542951
6029639
8979422
5702753
4427323
8657936
6913814
8724072
5027998
