599205
468742
395967
451197
35670
635457
602577
758016
78093
153755
527663
826981
552228
653746
126744
653716
16340
645172
855325
219970
537138
981277
452633
789561
110757
930922
22623
343843
488763
252386
275421
285232
928810
991521
793050
10357
722662
43523
667085
319823
176939
435164
774301
918932
837259
977013
209452
739054
309692
245890
740447
619326
761391
813592
837339
750345
123536
212341
674629
491145
947542
442392
169420
363323
94174
376594
281371
695882
383874
525003
452415
72771
289476
580864
685885
267369
616542
8755
791351
979854
668189
92830
113531
122045
671868
877270
945557
199420
391984
969370
629784
800183
866710
534672
481941
588876
383035
531837
771879
888148
491160
39050
24174
192197
912605
377500
547389
