14651
712039
322871
704741
654476
325354
574382
300748
552228
523513
856122
16340
115631
737361
307512
673867
123447
315177
905422
969920
899303
242464
943604
472800
503446
34196
756012
56499
316894
471320
99342
705700
256731
721847
340387
78118
83526
723336
546960
773642
7264
952589
736626
667085
116129
899125
284420
255093
905103
926300
678652
900003
813592
837339
208159
93486
750345
89670
212341
711941
674629
17237
953083
938124
367444
477897
459777
311539
931781
466550
99727
718912
169896
72831
303502
287511
63290
370104
288559
584939
561359
342442
474689
400498
452415
25774
846487
979767
206514
257164
247053
506426
410593
399641
539292
400073
509044
215758
713932
483661
563952
752204
404174
640690
200696
718945
96394
278727
888148
491160
604411
381491
737545
964326
76235
192197
377500
362225
870128
816574
387306
