608526
390336
660414
929451
730249
485647
599205
14651
508799
239709
371521
468742
514210
750250
751599
893446
824910
845936
395967
712039
686234
641227
982935
322871
417332
525321
576033
451197
645974
1592
2764
704741
457371
576450
484183
528425
128341
722587
248883
38211
331571
616335
767818
541582
654476
484062
589182
328646
35670
325354
395834
519682
64316
635457
602577
502156
574382
75558
494996
691984
466042
625015
758016
14799
370989
78093
153755
527663
646195
826981
911527
300748
572795
657595
415256
552228
489397
523513
991607
221642
358626
937380
937618
653746
126744
653716
856122
280695
951472
405251
199610
1902
16340
645172
17534
919704
678124
381714
985699
3228
115631
565618
432918
794357
325577
754725
484179
581982
93340
705807
269151
321142
772016
799029
988072
283323
985948
854905
725895
564342
779555
13079
425492
886859
404030
737361
643989
338022
833550
855325
710020
219970
331721
447499
468403
716520
15965
602909
118361
537138
950356
459672
222338
783474
307512
981277
673867
997522
799127
452633
262785
497931
990686
789561
123447
515207
760444
133440
190204
315177
546769
98008
692825
289412
107083
905422
104283
843319
405656
686428
67381
246105
695097
816450
211547
969920
139093
773454
902739
8686
367331
749627
721787
554284
557246
110757
184656
408694
31346
899303
729219
242464
943604
930922
144448
249585
22623
970706
411330
343843
248962
62582
944521
515506
510293
691541
649634
488763
411352
133269
730983
150874
727513
472800
755789
70326
808887
252386
731926
776178
503446
684529
502248
34196
114590
987238
322395
335607
963302
930065
713397
756012
343943
786402
424408
42363
56499
862591
275421
333953
774691
555922
541335
386528
316894
855905
201846
234829
287080
58208
692898
943658
373365
475156
35952
713242
53952
644545
294354
285232
86663
863289
627514
545829
18329
306604
471320
940433
99342
119081
705700
84863
231509
633268
678094
643622
495000
580570
708381
371158
304686
362154
928382
609562
312780
193785
13847
700953
776388
256731
822357
694636
721847
473660
103139
472090
937203
9333
359779
820707
356523
204567
928810
633578
340387
518876
991521
170877
113899
78118
343939
571920
725716
659689
964490
466483
306348
984272
339000
311860
83526
876259
362897
988999
800931
454794
596280
992255
733460
723336
702600
793050
208624
872925
75943
78619
10357
546960
773642
330754
678814
722662
804985
763963
43523
866340
939590
7264
790714
359093
952589
895054
788163
864742
612952
736626
333824
202704
402151
667085
17281
319823
901754
176939
997808
107780
404379
435164
469476
685652
774301
839890
918932
263224
238236
505980
514161
302844
837259
802903
116129
585118
876934
440270
996630
683617
462609
977013
784122
112214
899125
284420
568400
202675
368926
386642
209452
51945
95685
469331
635560
255093
632025
739054
175216
54498
773636
309692
36995
245890
237911
820237
670511
56375
364144
54121
232882
422067
233962
706349
646995
740915
982755
740447
392712
905103
784086
504940
923822
338496
619326
92583
104364
926300
219813
279287
382392
751277
761391
518923
335856
678652
900003
813592
837339
208159
101143
839329
842962
117002
93486
434243
750345
123536
317820
590406
437057
961349
429846
715695
89670
212341
435546
147772
360055
436734
553194
120121
237752
977753
516331
711941
911845
338024
806979
44994
5302
674629
833192
491145
17237
405652
424104
160738
227990
404771
895850
947542
953083
275018
796702
752256
178938
429618
679259
951120
442392
941206
938124
377268
436600
532216
942114
697760
851157
366661
403771
564008
367444
169420
912388
726780
709433
289905
391518
938223
822108
705279
477897
363323
269957
64393
201093
329842
96341
459777
311539
280924
239915
524415
49405
661615
211724
31150
931781
652885
466550
94174
99727
52710
176976
473300
718912
376594
369780
187366
186571
396632
169896
227793
72831
452521
402788
303502
47394
281371
412695
764335
11112
287511
438158
63290
847282
565427
269295
242836
370104
601033
790770
458138
586661
936231
288559
206197
160758
337175
584939
561359
674547
342442
695882
661676
629097
583010
397294
365983
684419
914594
782367
548715
119538
474689
537785
110274
12526
586761
290226
748720
425327
839546
383874
311344
410721
784256
522802
18796
400498
89004
684194
525003
459951
729367
23754
697150
453456
530107
452415
72771
702969
354058
917282
359805
553324
25774
327111
692629
289476
30074
508237
580864
188594
708588
954997
395685
685885
231234
329756
798106
846487
400848
475795
267369
633494
979767
944985
391916
251075
585967
842009
23453
584459
662322
949075
616542
141336
142299
944967
238090
820668
206514
859982
739794
8755
728304
791351
381570
935421
843657
623376
643913
847005
600748
374313
257164
688189
109134
584992
247053
109357
325358
3975
359506
979854
378662
506426
969591
151006
547169
410593
863316
862684
19713
399641
539292
122581
686322
668189
14041
346421
886670
606564
404447
580754
970782
718067
362821
863644
997137
609974
92830
161952
768430
442364
394010
305185
913384
139955
113531
115629
484536
27776
286941
290287
189840
160078
592018
308197
340600
185857
122045
400073
641964
417300
473648
509044
109901
345599
671868
70914
463244
377722
215758
713932
93446
612355
355093
449513
409056
862658
874895
25486
805481
929987
931637
253025
525709
554539
353250
877270
739193
964736
265598
945557
925480
788757
590578
112739
260466
199420
440924
360571
636123
391984
743301
328287
588527
113544
65741
747970
786003
331372
890792
804389
505864
254348
714268
430321
368799
672196
6185
173084
184233
781054
544679
610649
483661
69487
969370
563952
409474
812218
525662
322798
788469
578953
800447
319932
111224
227070
485941
716611
362356
752204
339240
969331
641224
149015
860047
585565
266475
925186
772209
434691
516433
404174
269659
145219
52110
629784
286920
487
850600
640690
908339
518840
800183
333936
200696
98732
613692
500180
718945
35989
503874
851592
866710
300637
512784
953293
96394
766102
834085
575667
232294
294783
367247
757606
29867
160634
54010
555849
886109
650702
278727
599919
299605
534672
702298
481941
50208
69589
356371
614611
25150
34916
377765
588876
163521
244799
640549
383035
531837
578303
15434
771879
114818
623601
527672
888148
491160
436087
247021
526253
389577
485881
960921
543227
294981
502878
371389
566686
244584
540305
133207
604411
452641
429568
435814
360150
609470
999871
451252
296551
729031
248284
381491
69591
349008
39050
416690
79367
574532
716634
511028
371069
661570
721720
192612
182043
831796
834462
24174
500207
840839
317125
65310
619696
737545
818985
496711
198354
87812
337423
810484
580827
964326
217839
557005
76235
322903
946902
664838
326319
409234
192197
883475
648496
121953
718721
596550
858309
176023
366201
321501
425209
741997
912605
69983
526281
377500
648406
362225
555748
248902
215628
547389
648736
535499
826799
455984
870128
679424
859403
761935
330112
180102
968688
816574
119524
819501
316613
443967
903905
211068
387306
763446
829476
552205
166548
887819
