7608429
2469853
1002766
8708980
7987659
1438872
2743868
4125019
2852411
2585577
3665776
1604847
2748349
1800742
4644253
244409
2117811
3785715
3907348
8678589
3816576
7499520
518917
7945379
1911571
291715
8122824
1480327
8006896
9640268
6210191
442234
5659059
499170
390696
6087402
7563793
2322856
6807178
8756350
6919155
2617628
3721864
3484974
2714593
4543384
3069176
5069305
9758371
8262137
6162771
5245183
1650455
2545999
9929152
9352709
7129799
5503125
1579599
7572566
4737329
5254232
461817
5551920
980491
4681559
9160119
2498346
4449014
5360533
1538842
6850417
8190282
715616
3605948
6596405
3246522
4241615
6309470
4318210
6632299
4895366
7130312
304444
6484486
5983602
4455271
2863786
1293729
2085973
1127520
9280703
4463535
1146394
7417703
1850861
8928652
465437
6111679
5390330
6344225
7968330
5014355
4564140
898176
4264357
464344
468182
281076
1363203
390438
8003181
2589081
1419979
6945488
2688289
7879020
7109952
8874476
9613395
5279705
3762238
2236857
904206
2303720
1221192
1950579
1271708
3633156
2230069
4962470
4525249
6227226
4022740
9249565
9304818
354412
7102223
1713504
77776
1057401
6080202
5970831
3404069
1750123
3284515
1702672
121551
8842583
2903124
3680117
7641208
4482143
2959499
4874530
890688
5576116
2868045
2542494
9021409
4154115
5704944
3554498
2090237
3595290
8593950
1071986
7204688
1968574
8993391
7559350
3865758
9471769
7308977
9706973
1151889
8995068
73727
1528907
7712031
9242745
3751146
1393051
9984619
8829
7694985
6114710
6707974
4981143
8761004
260225
8533099
3845070
7693096
3147759
5725781
5098605
3909807
6742602
4219938
151819
5252171
1809482
636852
6149137
1175736
3299764
3560987
4207714
3645163
1819380
7128032
9903780
1532204
2094978
7711828
6987391
2946266
6956727
2119447
8029598
5614340
8218348
9581636
4990734
21569
424516
7612840
3481127
3786776
1791997
8635976
4832231
4640353
4679015
5438439
7900079
2630980
5438120
4387804
6369587
956131
4069112
4796459
8582121
657365
9216565
4815421
5138958
1815836
6207258
1679642
9670544
4855781
9228591
2339173
8766885
8264493
3972242
1303021
4100016
7287576
8494265
9717114
580215
4812329
5260039
1475628
8066312
4273921
4686333
8520599
5875769
7556312
1836779
479734
4352345
6980119
5375920
835234
480450
2319939
7243847
3299927
8087653
964229
6558650
224913
4395977
7941036
8408537
6567087
8213586
8213743
8669253
5729811
6785792
7983570
4644248
8784278
3019566
9472407
6894151
2184852
9782088
8234061
6014042
3361557
9777068
7452908
7111780
2756805
99276
8835680
9188386
7058051
3631088
6665227
4955907
529173
9359390
6023881
7253224
5975132
9460910
6282169
5519872
3887713
3171940
4528336
2317219
5188691
4218272
1190196
1260819
2007110
6041753
8789162
1667544
6910766
7511673
7628048
3796818
6386845
9357421
1902113
7199789
2694957
3482073
3376077
6454556
3507046
4556823
7647631
3122595
9973786
9849375
7399576
8026703
8034785
790512
4231030
1594350
2241667
8418027
4596147
8359028
9119783
7714632
4549865
2152908
1918874
1847155
7800534
6511175
5431301
3358040
3276507
5654676
8206863
3122505
2329837
5009669
3904505
2159204
4507351
8821570
2827368
4505946
4192057
8989237
1880914
4813284
9228533
9766985
8266120
2409709
9301191
3347488
218717
1801577
981595
3091209
5060763
3414595
7170665
4160799
2121898
1200326
9646054
2878264
8554756
453770
4892436
5011521
9229518
1390711
7123773
8917872
7005718
7178363
6554658
2084805
2628360
1583928
8445342
3086774
2083849
8711854
4170217
2390140
580501
404247
860310
5391197
3574721
3747405
1088267
547856
4515418
6896494
3060515
6004201
7158951
6269680
6860203
442473
4453215
2954645
4189937
9749812
7867284
8621241
7828849
7773561
1999126
8155640
3763929
8341045
257704
4027552
2420008
1354800
9607547
4362126
1888882
3554494
141412
1575208
983885
7305641
8018889
1201550
6579715
9767930
1353508
3852943
4290875
4255318
1618439
7319779
5697338
3434174
119296
6563834
8234483
8685352
7986602
3581331
8411722
910892
1426344
1130076
2271614
1738323
2729650
6018326
8434407
8770571
5066868
9592205
7981150
3868914
2172303
3773751
2954458
2417766
6128857
4374347
6669951
5977629
2833189
8421828
1493900
8802995
9861436
2398917
7737238
1607437
6700676
1405390
5336235
3738905
6799005
4515404
6286759
4867295
6286527
9401960
3020990
6932107
8473993
7896107
2001057
9548245
4410382
6968961
3621924
8446751
4077668
6565842
7166937
6278282
7170314
2573931
7316623
2785829
5552460
3024811
4520302
9065567
1253703
7981020
8706609
3567659
7056386
3076304
5075858
5339394
7039445
2798783
7625097
7992115
7475181
9002073
8690845
1769364
6019615
9214001
1643576
842274
9764001
3187191
9821390
759116
996973
6896720
9291203
7940815
7202998
4149334
7329374
3767336
6999813
1051376
2350990
1952030
8066937
607901
1125132
8906606
6385570
2208906
5845773
1973250
9501620
2565657
9223384
5274533
3537937
3558925
8868688
4781242
3197306
5804759
8975711
3861682
7425848
1022605
7966423
4660374
3951974
6674451
3766530
2797089
6344636
755424
7554623
5076993
6815261
4651123
3499710
7768094
2763578
3723302
4008970
1223128
9469252
5838128
4977247
5706972
4646575
8049885
3993758
9779678
6164243
6703131
6361554
9453630
3928491
1532454
6958931
9398629
583553
2326758
9222998
8194068
3485021
6199289
9384497
661861
3056308
30363
2006348
8816043
9618395
9765918
4750532
7344088
8436349
4624259
652607
1367675
4425436
7418065
3692764
6063967
9036108
9938386
4729976
4495638
6711488
5095433
3873723
8411765
2870274
9406653
5953935
2647807
7360456
3299131
4551986
5263857
6940163
9496583
709652
6852769
1638392
1229743
1035998
724457
2249746
4547741
1842005
6746731
4187588
7679106
677425
9363903
6178732
5457999
5706057
1101292
6949103
4936374
8972557
8606420
6919723
8269034
2310212
802628
218908
8323007
4898640
5948085
3408722
330953
9011320
8258608
2915862
8567446
4049817
8680736
9754617
5585109
1904410
2127548
1559669
6808575
9476608
6392193
9115493
4056252
6123106
4279263
9570260
122181
7086688
1635074
4516248
1638352
8466186
9632417
4081415
1733687
3875678
7986033
5465881
9823163
9551252
1004805
9056951
126029
2288521
9636724
1270174
1069044
7271366
9715844
8558630
8225289
1236610
1148333
9877674
3481367
1241700
5230447
5358452
2954230
2094762
7718533
2144679
1287194
1990927
9723597
8039721
9350138
2035361
1531850
4434202
8185382
5383634
3946128
4593566
3933074
2887613
5989977
9900409
5981293
4296573
1780546
3948643
8659897
2463599
9682739
8789860
6574099
587171
8544041
486699
6834358
6706362
8196746
7929059
1708066
2708966
1300604
7999712
2009030
1889950
8049536
4975215
1501816
7233128
211396
6994771
1330657
1326492
3585600
9181760
3256335
4986376
5527356
158803
7833880
1319175
1598826
3515155
9216435
7383563
5545014
340520
6689150
6969401
127517
6071775
299211
914697
1553304
3782182
3145807
3484194
8510690
5291515
6362889
8352464
7409668
2086908
8371200
8248058
3060838
8985353
8756359
7936067
5036632
7894209
8014409
3403394
3248931
4820381
7404025
6002295
6527410
5264118
5734816
6159466
7276338
2281990
2077919
3163502
6641228
6098057
2631449
1607245
4697762
4058409
2933596
4699299
8120955
5852318
4536726
2961748
3647708
1462201
9814656
4598696
610989
7280533
8392684
6022931
7763589
6778178
376660
1576385
5655956
2104150
8909288
4477871
6336582
52388
1549314
776732
7575277
8779160
8622930
8988382
3116765
7438313
4893460
3936560
3117965
6130514
9282492
5058830
5077122
5305227
7134736
8393654
903625
2648631
8517744
7379330
920519
245407
4813255
3536015
120956
3592170
8785035
8612817
7452062
8769121
5903273
3373549
689383
8552123
2376355
5683613
9028333
2088173
4477255
2968821
3527696
7189663
8293894
1573726
9369173
7467857
7459317
681667
7785642
9762128
3300682
8997289
5542057
536576
7291343
2932019
5581468
6321263
2573072
7706778
9863351
4706311
3237857
