65440
6241
47577
72621
48610
34135
72650
75188
65884
28206
86003
56559
18490
3754
72562
74824
74732
93299
82314
21500
43047
28416
83876
20047
94869
6988
69070
74665
97608
7489
69954
15757
20946
2415
18090
55176
87456
22129
87022
59512
30650
36957
42683
62941
30029
94029
17027
93451
27632
58699
30276
20355
22658
80852
35967
6492
39105
634
33063
76651
53655
82339
56249
70490
18159
68439
15073
7852
92602
66559
68031
74529
10084
54571
66167
92176
33228
21967
28086
33763
17375
96661
58521
54699
5920
10905
7970
73806
64240
56877
15458
58739
56061
42831
58909
86937
10095
55910
37554
71595
