720708
665668
158642
658115
451778
313655
324029
289757
965546
546262
365312
717814
964670
248905
20219
890688
534383
392024
886274
73727
925691
215694
110515
657365
66200
59860
10279
739887
702420
797501
70966
863915
654559
218717
993813
809776
860454
711985
163390
257704
141412
793141
435947
95576
726401
138078
209774
934896
783783
438400
651248
170044
410028
991128
944437
868787
842274
522275
958436
359414
938601
562675
886795
481940
595875
627227
199498
116371
114859
650564
820351
786323
9654
177701
834433
447245
738155
808859
761525
535250
428501
97813
340520
127517
576557
701689
689420
80292
925628
488030
922216
297290
913024
622899
441667
127576
32923
207015
249028
549699
681667
964136
